group	fill	clickSelects
1	#FFFFFF	1668
2	#FFFFFF	182
3	#FFFFFF	1668
4	#FFFFFF	182
5	#FFFFFF	182
6	#FFFFFF	71
7	#FFFFFF	182
8	#FFFFFF	71
9	#FFFFFF	71
10	#FFFFFF	71
11	#FFFFFF	71
12	#FFFFFF	1543
13	#FFFFFF	1890
14	#FFFFFF	182
16	#FFFFFF	71
17	#FFFFFF	71
18	#FFFFFF	71
19	#FFFFFF	71
20	#FFFFFF	71
21	#FFFFFF	19
22	#FFFFFF	19
23	#FFFFFF	19
24	#FFFFFF	19
25	#FFFFFF	182
26	#FFFFFF	19
27	#FFFFFF	19
31	#FFFFFF	19
32	#FFFFFF	71
33	#FFFFFF	71
34	#FFFFFF	71
35	#FFFFFF	19
36	#FFFFFF	182
37	#FFFFFF	19
38	#FFFFFF	19
39	#FFFFFF	19
40	#FFFFFF	19
41	#FFFFFF	19
42	#FFFFFF	19
43	#FFFFFF	237
44	#FFFFFF	19
45	#FFFFFF	19
46	#FFFFFF	182
47	#FFFFFF	71
48	#FFFFFF	71
49	#FFFFFF	182
50	#FFFFFF	182
52	#FFFFFF	1668
53	#FFFFFF	1668
54	#FFFFFF	182
55	#FFFFFF	182
56	#FFFFFF	182
57	#FFFFFF	71
58	#FFFFFF	71
59	#FFFFFF	71
60	#FFFFFF	71
61	#FFFFFF	71
62	#FFFFFF	1890
63	#FFFFFF	1890
64	#FFFFFF	1668
65	#FFFFFF	1890
66	#FFFFFF	71
67	#FFFFFF	71
68	#FFFFFF	71
69	#FFFFFF	71
70	#FFFFFF	19
71	#FFFFFF	19
72	#FFFFFF	19
73	#FFFFFF	19
74	#FFFFFF	19
75	#FFFFFF	71
76	#FFFFFF	19
77	#FFFFFF	19
81	#FFFFFF	19
82	#FFFFFF	19
83	#FFFFFF	71
84	#FFFFFF	71
85	#FFFFFF	19
86	#FFFFFF	182
87	#FFFFFF	19
88	#FFFFFF	19
89	#FFFFFF	19
90	#FFFFFF	19
91	#FFFFFF	19
92	#FFFFFF	19
93	#FFFFFF	19
94	#FFFFFF	19
95	#FFFFFF	19
97	#FFFFFF	182
98	#FFFFFF	71
99	#FFFFFF	182
100	#FFFFFF	71
101	#FFFFFF	71
102	#FFFFFF	1668
103	#FFFFFF	1668
104	#FFFFFF	1668
105	#FFFFFF	182
106	#FFFFFF	182
107	#FFFFFF	71
108	#FFFFFF	71
109	#FFFFFF	71
110	#FFFFFF	71
111	#FFFFFF	71
112	#FFFFFF	1890
113	#FFFFFF	1890
114	#FFFFFF	1890
115	#FFFFFF	182
116	#FFFFFF	1890
117	#FFFFFF	71
118	#FFFFFF	71
119	#FFFFFF	71
120	#FFFFFF	71
121	#FFFFFF	19
122	#FFFFFF	19
123	#FFFFFF	19
124	#FFFFFF	19
125	#FFFFFF	19
126	#FFFFFF	71
131	#FFFFFF	19
132	#FFFFFF	19
133	#FFFFFF	19
134	#FFFFFF	19
135	#FFFFFF	71
136	#FFFFFF	19
137	#FFFFFF	71
138	#FFFFFF	19
139	#FFFFFF	19
140	#FFFFFF	19
141	#FFFFFF	19
142	#FFFFFF	19
143	#FFFFFF	19
144	#FFFFFF	19
145	#FFFFFF	824
146	#FFFFFF	824
147	#FFFFFF	71
148	#FFFFFF	71
149	#FFFFFF	182
150	#FFFFFF	71
151	#FFFFFF	71
153	#FFFFFF	182
154	#FFFFFF	182
155	#FFFFFF	44
156	#FFFFFF	44
157	#FFFFFF	44
158	#FFFFFF	71
159	#FFFFFF	71
160	#FFFFFF	71
161	#FFFFFF	71
162	#FFFFFF	71
163	#FFFFFF	71
164	#FFFFFF	71
165	#FFFFFF	182
166	#FFFFFF	71
167	#FFFFFF	71
168	#FFFFFF	71
172	#FFFFFF	71
173	#FFFFFF	71
174	#FFFFFF	19
175	#FFFFFF	19
176	#FFFFFF	1668
177	#FFFFFF	19
178	#FFFFFF	19
179	#FFFFFF	44
180	#FFFFFF	19
181	#FFFFFF	44
182	#FFFFFF	19
183	#FFFFFF	44
184	#FFFFFF	44
185	#FFFFFF	19
186	#FFFFFF	19
187	#FFFFFF	1668
188	#FFFFFF	19
189	#FFFFFF	19
190	#FFFFFF	1880
191	#FFFFFF	1880
192	#FFFFFF	1880
193	#FFFFFF	19
194	#FFFFFF	19
195	#FFFFFF	19
196	#FFFFFF	44
198	#FFFFFF	182
199	#FFFFFF	182
200	#FFFFFF	1668
201	#FFFFFF	182
202	#FFFFFF	44
203	#FFFFFF	182
204	#FFFFFF	182
205	#FFFFFF	182
206	#FFFFFF	44
207	#FFFFFF	44
208	#FFFFFF	71
209	#FFFFFF	44
210	#FFFFFF	71
211	#FFFFFF	71
212	#FFFFFF	71
213	#FFFFFF	71
214	#FFFFFF	71
215	#FFFFFF	71
216	#FFFFFF	1668
217	#FFFFFF	71
218	#FFFFFF	71
222	#FFFFFF	71
223	#FFFFFF	71
224	#FFFFFF	19
225	#FFFFFF	19
226	#FFFFFF	71
227	#FFFFFF	182
228	#FFFFFF	19
229	#FFFFFF	44
230	#FFFFFF	19
231	#FFFFFF	19
232	#FFFFFF	44
233	#FFFFFF	44
234	#FFFFFF	44
235	#FFFFFF	44
236	#FFFFFF	19
237	#FFFFFF	19
238	#FFFFFF	1668
239	#FFFFFF	19
240	#FFFFFF	19
241	#FFFFFF	1880
242	#FFFFFF	1880
243	#FFFFFF	19
244	#FFFFFF	19
245	#FFFFFF	19
246	#FFFFFF	19
247	#FFFFFF	44
248	#FFFFFF	182
249	#FFFFFF	182
250	#FFFFFF	182
251	#FFFFFF	44
252	#FFFFFF	44
254	#FFFFFF	182
255	#FFFFFF	182
256	#FFFFFF	44
257	#FFFFFF	44
258	#FFFFFF	44
259	#FFFFFF	44
260	#FFFFFF	44
261	#FFFFFF	71
262	#FFFFFF	71
263	#FFFFFF	71
264	#FFFFFF	71
265	#FFFFFF	71
266	#FFFFFF	1668
267	#FFFFFF	71
268	#FFFFFF	71
272	#FFFFFF	71
273	#FFFFFF	71
274	#FFFFFF	71
275	#FFFFFF	19
276	#FFFFFF	71
277	#FFFFFF	182
278	#FFFFFF	71
279	#FFFFFF	44
280	#FFFFFF	44
281	#FFFFFF	19
282	#FFFFFF	44
283	#FFFFFF	44
284	#FFFFFF	44
285	#FFFFFF	44
286	#FFFFFF	44
287	#FFFFFF	44
288	#FFFFFF	182
289	#FFFFFF	19
290	#FFFFFF	19
291	#FFFFFF	19
292	#FFFFFF	1880
293	#FFFFFF	19
294	#FFFFFF	19
295	#FFFFFF	19
296	#FFFFFF	19
297	#FFFFFF	44
299	#FFFFFF	182
300	#FFFFFF	182
301	#FFFFFF	182
302	#FFFFFF	44
303	#FFFFFF	44
304	#FFFFFF	44
305	#FFFFFF	182
306	#FFFFFF	182
307	#FFFFFF	44
308	#FFFFFF	44
309	#FFFFFF	44
310	#FFFFFF	44
311	#FFFFFF	71
312	#FFFFFF	71
313	#FFFFFF	71
314	#FFFFFF	71
315	#FFFFFF	71
316	#FFFFFF	71
317	#FFFFFF	1668
318	#FFFFFF	71
322	#FFFFFF	71
323	#FFFFFF	71
324	#FFFFFF	71
325	#FFFFFF	19
326	#FFFFFF	19
327	#FFFFFF	71
328	#FFFFFF	182
329	#FFFFFF	71
330	#FFFFFF	44
332	#FFFFFF	44
333	#FFFFFF	44
334	#FFFFFF	44
335	#FFFFFF	44
336	#FFFFFF	44
337	#FFFFFF	44
338	#FFFFFF	44
339	#FFFFFF	182
340	#FFFFFF	19
341	#FFFFFF	19
342	#FFFFFF	19
343	#FFFFFF	19
344	#FFFFFF	19
345	#FFFFFF	19
346	#FFFFFF	19
347	#FFFFFF	19
348	#FFFFFF	44
349	#FFFFFF	182
350	#FFFFFF	182
351	#FFFFFF	44
352	#FFFFFF	44
353	#FFFFFF	44
355	#FFFFFF	44
356	#FFFFFF	182
357	#FFFFFF	44
358	#FFFFFF	44
359	#FFFFFF	44
360	#FFFFFF	44
361	#FFFFFF	44
362	#FFFFFF	71
363	#FFFFFF	44
364	#FFFFFF	44
365	#FFFFFF	71
366	#FFFFFF	71
367	#FFFFFF	182
368	#FFFFFF	71
372	#FFFFFF	71
373	#FFFFFF	71
374	#FFFFFF	71
375	#FFFFFF	71
376	#FFFFFF	19
377	#FFFFFF	71
378	#FFFFFF	182
379	#FFFFFF	71
380	#FFFFFF	44
381	#FFFFFF	44
382	#FFFFFF	44
383	#FFFFFF	44
384	#FFFFFF	44
385	#FFFFFF	1850
386	#FFFFFF	44
387	#FFFFFF	44
388	#FFFFFF	44
389	#FFFFFF	182
390	#FFFFFF	44
391	#FFFFFF	19
392	#FFFFFF	19
393	#FFFFFF	19
394	#FFFFFF	19
395	#FFFFFF	19
396	#FFFFFF	19
397	#FFFFFF	19
398	#FFFFFF	19
400	#FFFFFF	182
401	#FFFFFF	182
402	#FFFFFF	44
403	#FFFFFF	44
404	#FFFFFF	44
405	#FFFFFF	44
406	#FFFFFF	44
407	#FFFFFF	182
408	#FFFFFF	44
409	#FFFFFF	463
410	#FFFFFF	44
411	#FFFFFF	44
412	#FFFFFF	44
413	#FFFFFF	44
414	#FFFFFF	44
415	#FFFFFF	44
416	#FFFFFF	71
417	#FFFFFF	71
418	#FFFFFF	182
422	#FFFFFF	71
423	#FFFFFF	71
424	#FFFFFF	71
425	#FFFFFF	71
426	#FFFFFF	71
427	#FFFFFF	71
428	#FFFFFF	71
429	#FFFFFF	182
430	#FFFFFF	71
431	#FFFFFF	71
432	#FFFFFF	1850
433	#FFFFFF	1850
434	#FFFFFF	1850
435	#FFFFFF	1850
436	#FFFFFF	44
437	#FFFFFF	44
438	#FFFFFF	44
439	#FFFFFF	44
440	#FFFFFF	182
441	#FFFFFF	44
442	#FFFFFF	19
443	#FFFFFF	19
444	#FFFFFF	44
445	#FFFFFF	19
446	#FFFFFF	19
447	#FFFFFF	19
448	#FFFFFF	19
449	#FFFFFF	19
450	#FFFFFF	182
451	#FFFFFF	182
452	#FFFFFF	44
453	#FFFFFF	463
454	#FFFFFF	44
456	#FFFFFF	44
457	#FFFFFF	44
458	#FFFFFF	463
459	#FFFFFF	463
460	#FFFFFF	44
461	#FFFFFF	44
462	#FFFFFF	44
463	#FFFFFF	44
464	#FFFFFF	44
465	#FFFFFF	44
466	#FFFFFF	71
467	#FFFFFF	71
468	#FFFFFF	182
472	#FFFFFF	71
473	#FFFFFF	71
474	#FFFFFF	71
475	#FFFFFF	71
476	#FFFFFF	71
477	#FFFFFF	71
478	#FFFFFF	71
479	#FFFFFF	182
480	#FFFFFF	71
481	#FFFFFF	71
482	#FFFFFF	71
483	#FFFFFF	1850
484	#FFFFFF	1850
485	#FFFFFF	1850
486	#FFFFFF	44
487	#FFFFFF	19
488	#FFFFFF	44
489	#FFFFFF	44
490	#FFFFFF	182
491	#FFFFFF	44
492	#FFFFFF	19
493	#FFFFFF	44
494	#FFFFFF	44
495	#FFFFFF	44
496	#FFFFFF	44
497	#FFFFFF	44
498	#FFFFFF	19
501	#FFFFFF	182
502	#FFFFFF	182
503	#FFFFFF	44
504	#FFFFFF	44
505	#FFFFFF	463
506	#FFFFFF	44
507	#FFFFFF	44
508	#FFFFFF	182
509	#FFFFFF	463
510	#FFFFFF	463
511	#FFFFFF	463
512	#FFFFFF	44
513	#FFFFFF	44
514	#FFFFFF	44
515	#FFFFFF	44
516	#FFFFFF	44
519	#FFFFFF	182
522	#FFFFFF	71
523	#FFFFFF	71
524	#FFFFFF	71
525	#FFFFFF	71
526	#FFFFFF	71
527	#FFFFFF	71
528	#FFFFFF	71
529	#FFFFFF	71
530	#FFFFFF	182
531	#FFFFFF	71
532	#FFFFFF	71
533	#FFFFFF	1850
534	#FFFFFF	1850
535	#FFFFFF	1850
536	#FFFFFF	44
537	#FFFFFF	19
538	#FFFFFF	19
539	#FFFFFF	44
540	#FFFFFF	19
541	#FFFFFF	182
542	#FFFFFF	19
543	#FFFFFF	19
544	#FFFFFF	44
545	#FFFFFF	44
546	#FFFFFF	44
547	#FFFFFF	44
548	#FFFFFF	19
549	#FFFFFF	19
550	#FFFFFF	44
551	#FFFFFF	182
552	#FFFFFF	182
553	#FFFFFF	44
554	#FFFFFF	463
555	#FFFFFF	463
557	#FFFFFF	44
558	#FFFFFF	44
559	#FFFFFF	463
560	#FFFFFF	463
561	#FFFFFF	463
562	#FFFFFF	463
563	#FFFFFF	44
564	#FFFFFF	44
565	#FFFFFF	44
566	#FFFFFF	44
569	#FFFFFF	182
572	#FFFFFF	71
573	#FFFFFF	71
574	#FFFFFF	71
575	#FFFFFF	71
576	#FFFFFF	71
577	#FFFFFF	71
578	#FFFFFF	71
579	#FFFFFF	71
580	#FFFFFF	182
581	#FFFFFF	71
582	#FFFFFF	71
583	#FFFFFF	71
584	#FFFFFF	1850
585	#FFFFFF	44
586	#FFFFFF	44
587	#FFFFFF	44
588	#FFFFFF	44
589	#FFFFFF	19
590	#FFFFFF	19
591	#FFFFFF	182
592	#FFFFFF	19
593	#FFFFFF	19
594	#FFFFFF	19
595	#FFFFFF	19
596	#FFFFFF	19
597	#FFFFFF	44
598	#FFFFFF	44
599	#FFFFFF	44
600	#FFFFFF	44
602	#FFFFFF	182
603	#FFFFFF	182
604	#FFFFFF	44
605	#FFFFFF	44
606	#FFFFFF	463
607	#FFFFFF	44
608	#FFFFFF	44
609	#FFFFFF	44
610	#FFFFFF	463
611	#FFFFFF	463
612	#FFFFFF	463
613	#FFFFFF	44
614	#FFFFFF	44
615	#FFFFFF	44
616	#FFFFFF	44
620	#FFFFFF	44
622	#FFFFFF	71
623	#FFFFFF	71
624	#FFFFFF	71
625	#FFFFFF	71
626	#FFFFFF	71
627	#FFFFFF	71
628	#FFFFFF	71
629	#FFFFFF	71
630	#FFFFFF	71
631	#FFFFFF	182
632	#FFFFFF	71
633	#FFFFFF	71
634	#FFFFFF	1850
635	#FFFFFF	1850
636	#FFFFFF	44
637	#FFFFFF	44
638	#FFFFFF	44
639	#FFFFFF	19
640	#FFFFFF	19
641	#FFFFFF	19
642	#FFFFFF	182
643	#FFFFFF	19
644	#FFFFFF	19
645	#FFFFFF	19
646	#FFFFFF	19
647	#FFFFFF	19
648	#FFFFFF	44
649	#FFFFFF	238
650	#FFFFFF	44
651	#FFFFFF	44
652	#FFFFFF	182
653	#FFFFFF	182
654	#FFFFFF	44
655	#FFFFFF	44
656	#FFFFFF	463
658	#FFFFFF	44
659	#FFFFFF	44
660	#FFFFFF	463
661	#FFFFFF	463
662	#FFFFFF	463
663	#FFFFFF	463
664	#FFFFFF	463
665	#FFFFFF	463
666	#FFFFFF	44
670	#FFFFFF	44
672	#FFFFFF	71
673	#FFFFFF	71
674	#FFFFFF	71
675	#FFFFFF	71
676	#FFFFFF	71
677	#FFFFFF	71
678	#FFFFFF	71
679	#FFFFFF	71
680	#FFFFFF	71
681	#FFFFFF	44
682	#FFFFFF	71
683	#FFFFFF	71
684	#FFFFFF	1850
685	#FFFFFF	1850
686	#FFFFFF	1850
687	#FFFFFF	44
688	#FFFFFF	44
689	#FFFFFF	19
691	#FFFFFF	19
692	#FFFFFF	182
693	#FFFFFF	19
694	#FFFFFF	19
695	#FFFFFF	19
696	#FFFFFF	19
697	#FFFFFF	44
698	#FFFFFF	44
699	#FFFFFF	238
700	#FFFFFF	44
701	#FFFFFF	44
703	#FFFFFF	182
704	#FFFFFF	44
705	#FFFFFF	182
706	#FFFFFF	44
707	#FFFFFF	463
708	#FFFFFF	44
709	#FFFFFF	44
710	#FFFFFF	44
711	#FFFFFF	463
712	#FFFFFF	463
713	#FFFFFF	463
714	#FFFFFF	463
715	#FFFFFF	463
716	#FFFFFF	463
721	#FFFFFF	44
722	#FFFFFF	44
723	#FFFFFF	71
724	#FFFFFF	71
725	#FFFFFF	71
726	#FFFFFF	71
727	#FFFFFF	71
728	#FFFFFF	71
729	#FFFFFF	71
730	#FFFFFF	71
731	#FFFFFF	71
732	#FFFFFF	44
733	#FFFFFF	71
734	#FFFFFF	71
735	#FFFFFF	1850
736	#FFFFFF	71
737	#FFFFFF	1850
738	#FFFFFF	44
739	#FFFFFF	44
740	#FFFFFF	19
741	#FFFFFF	19
742	#FFFFFF	19
743	#FFFFFF	44
744	#FFFFFF	19
745	#FFFFFF	19
746	#FFFFFF	19
747	#FFFFFF	44
748	#FFFFFF	44
749	#FFFFFF	238
750	#FFFFFF	238
751	#FFFFFF	238
752	#FFFFFF	44
753	#FFFFFF	182
754	#FFFFFF	44
755	#FFFFFF	44
756	#FFFFFF	463
757	#FFFFFF	463
759	#FFFFFF	44
760	#FFFFFF	44
761	#FFFFFF	463
762	#FFFFFF	463
763	#FFFFFF	463
764	#FFFFFF	463
765	#FFFFFF	463
766	#FFFFFF	463
771	#FFFFFF	44
772	#FFFFFF	44
773	#FFFFFF	71
774	#FFFFFF	71
775	#FFFFFF	71
776	#FFFFFF	71
777	#FFFFFF	71
778	#FFFFFF	71
779	#FFFFFF	71
780	#FFFFFF	71
781	#FFFFFF	71
782	#FFFFFF	44
783	#FFFFFF	71
784	#FFFFFF	71
785	#FFFFFF	1850
786	#FFFFFF	1850
787	#FFFFFF	71
788	#FFFFFF	1850
789	#FFFFFF	44
790	#FFFFFF	44
791	#FFFFFF	19
792	#FFFFFF	44
793	#FFFFFF	44
794	#FFFFFF	19
795	#FFFFFF	19
797	#FFFFFF	19
798	#FFFFFF	44
799	#FFFFFF	44
800	#FFFFFF	238
801	#FFFFFF	238
802	#FFFFFF	238
804	#FFFFFF	44
805	#FFFFFF	44
806	#FFFFFF	44
807	#FFFFFF	463
808	#FFFFFF	44
809	#FFFFFF	44
810	#FFFFFF	463
811	#FFFFFF	44
812	#FFFFFF	463
813	#FFFFFF	463
814	#FFFFFF	463
815	#FFFFFF	463
816	#FFFFFF	463
821	#FFFFFF	44
822	#FFFFFF	44
823	#FFFFFF	71
824	#FFFFFF	71
825	#FFFFFF	71
826	#FFFFFF	71
827	#FFFFFF	71
828	#FFFFFF	71
829	#FFFFFF	71
830	#FFFFFF	71
831	#FFFFFF	71
832	#FFFFFF	71
833	#FFFFFF	44
834	#FFFFFF	71
835	#FFFFFF	71
836	#FFFFFF	1850
837	#FFFFFF	1850
838	#FFFFFF	71
839	#FFFFFF	1850
840	#FFFFFF	44
841	#FFFFFF	44
842	#FFFFFF	19
843	#FFFFFF	44
844	#FFFFFF	44
845	#FFFFFF	44
846	#FFFFFF	19
847	#FFFFFF	19
848	#FFFFFF	44
849	#FFFFFF	44
850	#FFFFFF	44
851	#FFFFFF	238
852	#FFFFFF	238
853	#FFFFFF	238
854	#FFFFFF	44
855	#FFFFFF	44
856	#FFFFFF	44
857	#FFFFFF	44
858	#FFFFFF	463
860	#FFFFFF	463
861	#FFFFFF	463
862	#FFFFFF	44
863	#FFFFFF	463
864	#FFFFFF	463
865	#FFFFFF	463
866	#FFFFFF	463
871	#FFFFFF	44
872	#FFFFFF	44
873	#FFFFFF	71
874	#FFFFFF	71
875	#FFFFFF	71
876	#FFFFFF	71
877	#FFFFFF	71
878	#FFFFFF	71
879	#FFFFFF	71
880	#FFFFFF	71
881	#FFFFFF	71
882	#FFFFFF	71
883	#FFFFFF	44
884	#FFFFFF	71
885	#FFFFFF	71
886	#FFFFFF	71
887	#FFFFFF	71
888	#FFFFFF	71
889	#FFFFFF	1850
890	#FFFFFF	44
891	#FFFFFF	44
892	#FFFFFF	19
893	#FFFFFF	44
894	#FFFFFF	44
895	#FFFFFF	44
896	#FFFFFF	44
897	#FFFFFF	44
898	#FFFFFF	19
899	#FFFFFF	44
900	#FFFFFF	44
901	#FFFFFF	44
902	#FFFFFF	44
903	#FFFFFF	238
905	#FFFFFF	44
906	#FFFFFF	44
907	#FFFFFF	44
908	#FFFFFF	44
909	#FFFFFF	44
910	#FFFFFF	463
911	#FFFFFF	463
912	#FFFFFF	463
913	#FFFFFF	463
914	#FFFFFF	463
915	#FFFFFF	463
916	#FFFFFF	463
921	#FFFFFF	44
922	#FFFFFF	44
923	#FFFFFF	44
924	#FFFFFF	71
925	#FFFFFF	71
926	#FFFFFF	71
927	#FFFFFF	71
928	#FFFFFF	71
929	#FFFFFF	71
930	#FFFFFF	71
931	#FFFFFF	71
932	#FFFFFF	71
933	#FFFFFF	71
934	#FFFFFF	44
935	#FFFFFF	71
936	#FFFFFF	71
937	#FFFFFF	71
938	#FFFFFF	71
939	#FFFFFF	71
940	#FFFFFF	1850
941	#FFFFFF	1850
942	#FFFFFF	44
943	#FFFFFF	44
944	#FFFFFF	44
945	#FFFFFF	44
946	#FFFFFF	44
947	#FFFFFF	44
948	#FFFFFF	44
949	#FFFFFF	19
950	#FFFFFF	44
951	#FFFFFF	44
952	#FFFFFF	44
953	#FFFFFF	44
954	#FFFFFF	238
955	#FFFFFF	44
956	#FFFFFF	44
957	#FFFFFF	44
958	#FFFFFF	44
959	#FFFFFF	44
961	#FFFFFF	463
962	#FFFFFF	463
963	#FFFFFF	463
964	#FFFFFF	463
965	#FFFFFF	463
966	#FFFFFF	71
971	#FFFFFF	44
972	#FFFFFF	44
973	#FFFFFF	463
974	#FFFFFF	44
975	#FFFFFF	44
976	#FFFFFF	71
977	#FFFFFF	71
978	#FFFFFF	71
979	#FFFFFF	71
980	#FFFFFF	71
981	#FFFFFF	71
982	#FFFFFF	71
983	#FFFFFF	71
984	#FFFFFF	44
985	#FFFFFF	71
986	#FFFFFF	71
987	#FFFFFF	71
988	#FFFFFF	71
989	#FFFFFF	71
990	#FFFFFF	71
991	#FFFFFF	1850
993	#FFFFFF	44
994	#FFFFFF	44
995	#FFFFFF	463
996	#FFFFFF	44
997	#FFFFFF	44
998	#FFFFFF	44
1000	#FFFFFF	44
1001	#FFFFFF	44
1002	#FFFFFF	44
1003	#FFFFFF	44
1004	#FFFFFF	44
1006	#FFFFFF	44
1007	#FFFFFF	44
1008	#FFFFFF	44
1009	#FFFFFF	44
1010	#FFFFFF	44
1011	#FFFFFF	463
1012	#FFFFFF	463
1013	#FFFFFF	463
1014	#FFFFFF	463
1015	#FFFFFF	463
1016	#FFFFFF	463
1017	#FFFFFF	71
1021	#FFFFFF	463
1022	#FFFFFF	463
1023	#FFFFFF	44
1024	#FFFFFF	44
1025	#FFFFFF	44
1026	#FFFFFF	71
1027	#FFFFFF	71
1028	#FFFFFF	71
1029	#FFFFFF	71
1030	#FFFFFF	44
1031	#FFFFFF	44
1032	#FFFFFF	71
1033	#FFFFFF	71
1034	#FFFFFF	71
1035	#FFFFFF	44
1036	#FFFFFF	71
1037	#FFFFFF	71
1038	#FFFFFF	71
1039	#FFFFFF	71
1040	#FFFFFF	71
1041	#FFFFFF	71
1042	#FFFFFF	1850
1043	#FFFFFF	1850
1045	#FFFFFF	44
1046	#FFFFFF	463
1047	#FFFFFF	44
1048	#FFFFFF	44
1050	#FFFFFF	44
1051	#FFFFFF	44
1052	#FFFFFF	44
1053	#FFFFFF	44
1054	#FFFFFF	44
1055	#FFFFFF	44
1056	#FFFFFF	44
1057	#FFFFFF	44
1058	#FFFFFF	44
1059	#FFFFFF	44
1060	#FFFFFF	44
1062	#FFFFFF	463
1063	#FFFFFF	463
1064	#FFFFFF	463
1065	#FFFFFF	463
1066	#FFFFFF	463
1071	#FFFFFF	463
1072	#FFFFFF	463
1073	#FFFFFF	463
1074	#FFFFFF	463
1075	#FFFFFF	71
1076	#FFFFFF	71
1077	#FFFFFF	71
1078	#FFFFFF	71
1079	#FFFFFF	71
1080	#FFFFFF	44
1081	#FFFFFF	44
1082	#FFFFFF	71
1083	#FFFFFF	44
1084	#FFFFFF	44
1085	#FFFFFF	44
1086	#FFFFFF	71
1087	#FFFFFF	71
1088	#FFFFFF	71
1089	#FFFFFF	71
1090	#FFFFFF	71
1091	#FFFFFF	71
1093	#FFFFFF	1850
1094	#FFFFFF	44
1095	#FFFFFF	44
1096	#FFFFFF	463
1098	#FFFFFF	44
1099	#FFFFFF	44
1100	#FFFFFF	44
1101	#FFFFFF	44
1102	#FFFFFF	44
1104	#FFFFFF	44
1105	#FFFFFF	44
1107	#FFFFFF	44
1108	#FFFFFF	44
1109	#FFFFFF	44
1110	#FFFFFF	44
1111	#FFFFFF	44
1112	#FFFFFF	463
1113	#FFFFFF	463
1114	#FFFFFF	463
1115	#FFFFFF	463
1116	#FFFFFF	463
1117	#FFFFFF	463
1121	#FFFFFF	463
1122	#FFFFFF	463
1123	#FFFFFF	463
1124	#FFFFFF	71
1125	#FFFFFF	463
1126	#FFFFFF	71
1127	#FFFFFF	71
1128	#FFFFFF	71
1129	#FFFFFF	71
1130	#FFFFFF	71
1131	#FFFFFF	44
1132	#FFFFFF	44
1133	#FFFFFF	44
1134	#FFFFFF	44
1135	#FFFFFF	71
1136	#FFFFFF	44
1137	#FFFFFF	71
1138	#FFFFFF	71
1139	#FFFFFF	71
1140	#FFFFFF	71
1141	#FFFFFF	71
1142	#FFFFFF	44
1143	#FFFFFF	44
1144	#FFFFFF	44
1145	#FFFFFF	44
1146	#FFFFFF	44
1147	#FFFFFF	463
1148	#FFFFFF	44
1149	#FFFFFF	44
1150	#FFFFFF	44
1151	#FFFFFF	44
1152	#FFFFFF	44
1153	#FFFFFF	44
1154	#FFFFFF	44
1155	#FFFFFF	44
1156	#FFFFFF	44
1157	#FFFFFF	44
1158	#FFFFFF	44
1159	#FFFFFF	44
1160	#FFFFFF	463
1161	#FFFFFF	44
1163	#FFFFFF	1668
1164	#FFFFFF	1668
1165	#FFFFFF	182
1166	#FFFFFF	182
1167	#FFFFFF	71
1168	#FFFFFF	71
1169	#FFFFFF	71
1170	#FFFFFF	71
1171	#FFFFFF	71
1172	#FFFFFF	1890
1173	#FFFFFF	1890
1174	#FFFFFF	1890
1175	#FFFFFF	182
1176	#FFFFFF	1890
1177	#FFFFFF	71
1179	#FFFFFF	71
1180	#FFFFFF	71
1181	#FFFFFF	71
1182	#FFFFFF	19
1183	#FFFFFF	19
1184	#FFFFFF	19
1185	#FFFFFF	19
1186	#FFFFFF	182
1187	#FFFFFF	19
1191	#FFFFFF	19
1192	#FFFFFF	19
1193	#FFFFFF	19
1194	#FFFFFF	19
1195	#FFFFFF	19
1196	#FFFFFF	19
1197	#FFFFFF	71
1198	#FFFFFF	19
1199	#FFFFFF	19
1200	#FFFFFF	19
1201	#FFFFFF	19
1202	#FFFFFF	1880
1203	#FFFFFF	19
1204	#FFFFFF	19
1205	#FFFFFF	19
1206	#FFFFFF	824
1208	#FFFFFF	71
1209	#FFFFFF	182
1210	#FFFFFF	71
1211	#FFFFFF	182
1212	#FFFFFF	71
1213	#FFFFFF	1668
1214	#FFFFFF	1668
1215	#FFFFFF	182
1216	#FFFFFF	182
1217	#FFFFFF	182
1218	#FFFFFF	71
1219	#FFFFFF	71
1220	#FFFFFF	71
1221	#FFFFFF	71
1222	#FFFFFF	71
1223	#FFFFFF	1890
1224	#FFFFFF	71
1225	#FFFFFF	1890
1226	#FFFFFF	182
1227	#FFFFFF	71
1228	#FFFFFF	71
1229	#FFFFFF	71
1230	#FFFFFF	71
1231	#FFFFFF	71
1232	#FFFFFF	19
1233	#FFFFFF	19
1234	#FFFFFF	19
1235	#FFFFFF	19
1236	#FFFFFF	19
1237	#FFFFFF	182
1241	#FFFFFF	19
1242	#FFFFFF	19
1243	#FFFFFF	19
1244	#FFFFFF	19
1245	#FFFFFF	19
1246	#FFFFFF	19
1247	#FFFFFF	19
1248	#FFFFFF	71
1249	#FFFFFF	19
1250	#FFFFFF	1880
1251	#FFFFFF	1880
1252	#FFFFFF	1880
1253	#FFFFFF	19
1254	#FFFFFF	19
1255	#FFFFFF	19
1256	#FFFFFF	824
1257	#FFFFFF	824
1258	#FFFFFF	182
1259	#FFFFFF	182
1260	#FFFFFF	182
1261	#FFFFFF	182
1262	#FFFFFF	71
1264	#FFFFFF	463
1265	#FFFFFF	463
1266	#FFFFFF	44
1267	#FFFFFF	463
1268	#FFFFFF	463
1272	#FFFFFF	71
1273	#FFFFFF	71
1274	#FFFFFF	463
1275	#FFFFFF	71
1276	#FFFFFF	463
1277	#FFFFFF	71
1278	#FFFFFF	71
1279	#FFFFFF	71
1280	#FFFFFF	71
1281	#FFFFFF	71
1282	#FFFFFF	44
1283	#FFFFFF	71
1284	#FFFFFF	44
1285	#FFFFFF	71
1286	#FFFFFF	71
1287	#FFFFFF	44
1288	#FFFFFF	71
1289	#FFFFFF	71
1290	#FFFFFF	71
1291	#FFFFFF	71
1292	#FFFFFF	71
1293	#FFFFFF	71
1294	#FFFFFF	44
1295	#FFFFFF	44
1296	#FFFFFF	44
1297	#FFFFFF	44
1298	#FFFFFF	463
1299	#FFFFFF	44
1300	#FFFFFF	44
1301	#FFFFFF	405
1302	#FFFFFF	405
1303	#FFFFFF	44
1304	#FFFFFF	44
1306	#FFFFFF	44
1307	#FFFFFF	44
1309	#FFFFFF	44
1310	#FFFFFF	44
1311	#FFFFFF	44
1312	#FFFFFF	463
1313	#FFFFFF	463
1314	#FFFFFF	463
1315	#FFFFFF	463
1316	#FFFFFF	463
1317	#FFFFFF	463
1318	#FFFFFF	463
1322	#FFFFFF	463
1323	#FFFFFF	71
1324	#FFFFFF	463
1325	#FFFFFF	71
1326	#FFFFFF	71
1327	#FFFFFF	463
1328	#FFFFFF	71
1329	#FFFFFF	71
1330	#FFFFFF	71
1331	#FFFFFF	71
1332	#FFFFFF	44
1333	#FFFFFF	71
1334	#FFFFFF	44
1335	#FFFFFF	44
1336	#FFFFFF	71
1337	#FFFFFF	71
1338	#FFFFFF	463
1339	#FFFFFF	71
1340	#FFFFFF	71
1341	#FFFFFF	71
1342	#FFFFFF	71
1343	#FFFFFF	44
1344	#FFFFFF	44
1345	#FFFFFF	44
1346	#FFFFFF	44
1347	#FFFFFF	44
1348	#FFFFFF	44
1349	#FFFFFF	44
1350	#FFFFFF	44
1351	#FFFFFF	405
1352	#FFFFFF	405
1354	#FFFFFF	44
1355	#FFFFFF	44
1356	#FFFFFF	44
1357	#FFFFFF	44
1358	#FFFFFF	238
1359	#FFFFFF	463
1360	#FFFFFF	44
1361	#FFFFFF	463
1362	#FFFFFF	463
1363	#FFFFFF	44
1365	#FFFFFF	463
1366	#FFFFFF	463
1367	#FFFFFF	463
1372	#FFFFFF	463
1373	#FFFFFF	71
1374	#FFFFFF	463
1375	#FFFFFF	71
1376	#FFFFFF	71
1377	#FFFFFF	463
1378	#FFFFFF	71
1379	#FFFFFF	71
1380	#FFFFFF	71
1381	#FFFFFF	71
1382	#FFFFFF	44
1383	#FFFFFF	44
1384	#FFFFFF	71
1385	#FFFFFF	44
1386	#FFFFFF	71
1387	#FFFFFF	71
1388	#FFFFFF	463
1389	#FFFFFF	71
1390	#FFFFFF	71
1391	#FFFFFF	71
1392	#FFFFFF	71
1393	#FFFFFF	71
1394	#FFFFFF	44
1395	#FFFFFF	44
1396	#FFFFFF	44
1397	#FFFFFF	44
1398	#FFFFFF	44
1399	#FFFFFF	463
1400	#FFFFFF	44
1401	#FFFFFF	44
1402	#FFFFFF	405
1403	#FFFFFF	44
1404	#FFFFFF	44
1405	#FFFFFF	44
1406	#FFFFFF	44
1407	#FFFFFF	44
1408	#FFFFFF	44
1410	#FFFFFF	463
1411	#FFFFFF	44
1412	#FFFFFF	463
1413	#FFFFFF	44
1414	#FFFFFF	463
1415	#FFFFFF	463
1416	#FFFFFF	463
1417	#FFFFFF	463
1418	#FFFFFF	44
1422	#FFFFFF	463
1423	#FFFFFF	71
1424	#FFFFFF	71
1425	#FFFFFF	71
1426	#FFFFFF	71
1427	#FFFFFF	71
1428	#FFFFFF	463
1429	#FFFFFF	71
1430	#FFFFFF	71
1431	#FFFFFF	71
1432	#FFFFFF	71
1433	#FFFFFF	44
1434	#FFFFFF	71
1435	#FFFFFF	71
1436	#FFFFFF	44
1437	#FFFFFF	44
1438	#FFFFFF	71
1439	#FFFFFF	463
1440	#FFFFFF	71
1441	#FFFFFF	71
1442	#FFFFFF	71
1443	#FFFFFF	71
1444	#FFFFFF	44
1445	#FFFFFF	44
1446	#FFFFFF	44
1447	#FFFFFF	44
1448	#FFFFFF	44
1449	#FFFFFF	44
1450	#FFFFFF	463
1451	#FFFFFF	44
1452	#FFFFFF	405
1453	#FFFFFF	405
1454	#FFFFFF	44
1455	#FFFFFF	44
1456	#FFFFFF	44
1457	#FFFFFF	44
1458	#FFFFFF	1257
1459	#FFFFFF	238
1460	#FFFFFF	463
1461	#FFFFFF	44
1462	#FFFFFF	44
1463	#FFFFFF	463
1464	#FFFFFF	463
1466	#FFFFFF	463
1467	#FFFFFF	463
1472	#FFFFFF	463
1473	#FFFFFF	71
1474	#FFFFFF	463
1475	#FFFFFF	71
1476	#FFFFFF	71
1477	#FFFFFF	71
1478	#FFFFFF	463
1479	#FFFFFF	71
1480	#FFFFFF	71
1481	#FFFFFF	71
1482	#FFFFFF	71
1483	#FFFFFF	71
1484	#FFFFFF	71
1485	#FFFFFF	71
1486	#FFFFFF	71
1487	#FFFFFF	44
1488	#FFFFFF	44
1489	#FFFFFF	463
1490	#FFFFFF	44
1491	#FFFFFF	71
1492	#FFFFFF	44
1493	#FFFFFF	44
1494	#FFFFFF	44
1495	#FFFFFF	44
1496	#FFFFFF	44
1497	#FFFFFF	44
1498	#FFFFFF	44
1499	#FFFFFF	44
1500	#FFFFFF	463
1503	#FFFFFF	405
1504	#FFFFFF	44
1505	#FFFFFF	44
1506	#FFFFFF	1257
1507	#FFFFFF	1257
1508	#FFFFFF	1257
1509	#FFFFFF	44
1511	#FFFFFF	463
1512	#FFFFFF	44
1513	#FFFFFF	44
1514	#FFFFFF	463
1515	#FFFFFF	463
1516	#FFFFFF	463
1517	#FFFFFF	463
1518	#FFFFFF	463
1522	#FFFFFF	463
1523	#FFFFFF	463
1524	#FFFFFF	463
1525	#FFFFFF	463
1526	#FFFFFF	71
1527	#FFFFFF	71
1528	#FFFFFF	71
1529	#FFFFFF	463
1530	#FFFFFF	71
1531	#FFFFFF	71
1532	#FFFFFF	71
1533	#FFFFFF	71
1534	#FFFFFF	71
1535	#FFFFFF	71
1536	#FFFFFF	71
1537	#FFFFFF	44
1538	#FFFFFF	44
1539	#FFFFFF	44
1540	#FFFFFF	463
1541	#FFFFFF	44
1542	#FFFFFF	71
1543	#FFFFFF	44
1544	#FFFFFF	44
1545	#FFFFFF	44
1546	#FFFFFF	44
1547	#FFFFFF	44
1548	#FFFFFF	44
1549	#FFFFFF	44
1550	#FFFFFF	44
1551	#FFFFFF	463
1552	#FFFFFF	44
1554	#FFFFFF	405
1555	#FFFFFF	44
1556	#FFFFFF	1257
1557	#FFFFFF	44
1558	#FFFFFF	1257
1559	#FFFFFF	44
1560	#FFFFFF	44
1561	#FFFFFF	463
1562	#FFFFFF	44
1563	#FFFFFF	44
1564	#FFFFFF	463
1565	#FFFFFF	44
1567	#FFFFFF	463
1568	#FFFFFF	463
1572	#FFFFFF	44
1573	#FFFFFF	463
1574	#FFFFFF	463
1575	#FFFFFF	463
1576	#FFFFFF	463
1577	#FFFFFF	71
1578	#FFFFFF	71
1579	#FFFFFF	463
1580	#FFFFFF	71
1581	#FFFFFF	71
1582	#FFFFFF	71
1583	#FFFFFF	71
1584	#FFFFFF	71
1585	#FFFFFF	71
1586	#FFFFFF	71
1587	#FFFFFF	71
1588	#FFFFFF	44
1589	#FFFFFF	71
1590	#FFFFFF	44
1591	#FFFFFF	44
1592	#FFFFFF	44
1593	#FFFFFF	71
1594	#FFFFFF	44
1595	#FFFFFF	44
1596	#FFFFFF	44
1597	#FFFFFF	44
1598	#FFFFFF	44
1599	#FFFFFF	44
1600	#FFFFFF	44
1601	#FFFFFF	463
1602	#FFFFFF	44
1603	#FFFFFF	405
1605	#FFFFFF	44
1606	#FFFFFF	44
1607	#FFFFFF	1257
1609	#FFFFFF	44
1610	#FFFFFF	238
1612	#FFFFFF	463
1613	#FFFFFF	44
1614	#FFFFFF	44
1615	#FFFFFF	463
1616	#FFFFFF	463
1617	#FFFFFF	463
1618	#FFFFFF	463
1619	#FFFFFF	463
1622	#FFFFFF	44
1623	#FFFFFF	463
1624	#FFFFFF	463
1625	#FFFFFF	463
1626	#FFFFFF	463
1627	#FFFFFF	71
1628	#FFFFFF	71
1629	#FFFFFF	71
1630	#FFFFFF	44
1631	#FFFFFF	71
1632	#FFFFFF	71
1633	#FFFFFF	71
1634	#FFFFFF	71
1635	#FFFFFF	71
1636	#FFFFFF	71
1637	#FFFFFF	71
1638	#FFFFFF	71
1639	#FFFFFF	71
1640	#FFFFFF	44
1641	#FFFFFF	463
1642	#FFFFFF	44
1643	#FFFFFF	71
1644	#FFFFFF	44
1645	#FFFFFF	44
1646	#FFFFFF	44
1647	#FFFFFF	44
1648	#FFFFFF	44
1649	#FFFFFF	44
1650	#FFFFFF	44
1651	#FFFFFF	44
1652	#FFFFFF	463
1653	#FFFFFF	405
1654	#FFFFFF	405
1655	#FFFFFF	405
1656	#FFFFFF	44
1657	#FFFFFF	44
1658	#FFFFFF	1257
1659	#FFFFFF	44
1661	#FFFFFF	238
1662	#FFFFFF	463
1663	#FFFFFF	44
1664	#FFFFFF	44
1665	#FFFFFF	463
1668	#FFFFFF	463
1669	#FFFFFF	463
1672	#FFFFFF	463
1673	#FFFFFF	44
1674	#FFFFFF	44
1675	#FFFFFF	463
1676	#FFFFFF	463
1677	#FFFFFF	71
1678	#FFFFFF	71
1679	#FFFFFF	71
1680	#FFFFFF	44
1681	#FFFFFF	71
1682	#FFFFFF	71
1683	#FFFFFF	71
1684	#FFFFFF	71
1685	#FFFFFF	71
1686	#FFFFFF	71
1687	#FFFFFF	71
1688	#FFFFFF	71
1689	#FFFFFF	71
1690	#FFFFFF	44
1691	#FFFFFF	463
1692	#FFFFFF	44
1693	#FFFFFF	44
1694	#FFFFFF	44
1695	#FFFFFF	44
1696	#FFFFFF	44
1697	#FFFFFF	44
1698	#FFFFFF	44
1699	#FFFFFF	44
1700	#FFFFFF	44
1701	#FFFFFF	44
1702	#FFFFFF	44
1703	#FFFFFF	44
1704	#FFFFFF	405
1705	#FFFFFF	405
1706	#FFFFFF	405
1707	#FFFFFF	44
1708	#FFFFFF	1257
1709	#FFFFFF	44
1710	#FFFFFF	44
1711	#FFFFFF	44
1713	#FFFFFF	463
1714	#FFFFFF	463
1715	#FFFFFF	44
1716	#FFFFFF	44
1718	#FFFFFF	44
1719	#FFFFFF	44
1720	#FFFFFF	44
1723	#FFFFFF	44
1724	#FFFFFF	44
1725	#FFFFFF	463
1726	#FFFFFF	463
1727	#FFFFFF	463
1728	#FFFFFF	71
1729	#FFFFFF	71
1730	#FFFFFF	71
1731	#FFFFFF	463
1732	#FFFFFF	71
1733	#FFFFFF	71
1734	#FFFFFF	71
1735	#FFFFFF	44
1736	#FFFFFF	71
1737	#FFFFFF	71
1738	#FFFFFF	71
1739	#FFFFFF	44
1740	#FFFFFF	71
1741	#FFFFFF	44
1742	#FFFFFF	44
1743	#FFFFFF	44
1744	#FFFFFF	44
1745	#FFFFFF	44
1746	#FFFFFF	44
1747	#FFFFFF	44
1748	#FFFFFF	44
1749	#FFFFFF	44
1750	#FFFFFF	44
1751	#FFFFFF	405
1752	#FFFFFF	405
1753	#FFFFFF	44
1754	#FFFFFF	405
1755	#FFFFFF	405
1757	#FFFFFF	405
1758	#FFFFFF	1257
1759	#FFFFFF	44
1761	#FFFFFF	44
1762	#FFFFFF	44
1763	#FFFFFF	463
1764	#FFFFFF	463
1769	#FFFFFF	44
1770	#FFFFFF	44
1772	#FFFFFF	463
1773	#FFFFFF	44
1774	#FFFFFF	44
1775	#FFFFFF	44
1776	#FFFFFF	44
1777	#FFFFFF	463
1778	#FFFFFF	463
1779	#FFFFFF	71
1780	#FFFFFF	71
1781	#FFFFFF	463
1782	#FFFFFF	71
1783	#FFFFFF	71
1784	#FFFFFF	44
1785	#FFFFFF	71
1786	#FFFFFF	44
1787	#FFFFFF	71
1788	#FFFFFF	71
1789	#FFFFFF	71
1790	#FFFFFF	44
1791	#FFFFFF	71
1792	#FFFFFF	463
1793	#FFFFFF	44
1794	#FFFFFF	44
1795	#FFFFFF	44
1796	#FFFFFF	44
1797	#FFFFFF	44
1798	#FFFFFF	44
1799	#FFFFFF	44
1800	#FFFFFF	44
1801	#FFFFFF	405
1802	#FFFFFF	405
1803	#FFFFFF	44
1804	#FFFFFF	405
1805	#FFFFFF	405
1806	#FFFFFF	44
1807	#FFFFFF	405
1808	#FFFFFF	44
1809	#FFFFFF	44
1811	#FFFFFF	1682
1814	#FFFFFF	44
1815	#FFFFFF	44
1816	#FFFFFF	463
1819	#FFFFFF	44
1820	#FFFFFF	44
1821	#FFFFFF	44
1822	#FFFFFF	463
1823	#FFFFFF	463
1824	#FFFFFF	44
1825	#FFFFFF	44
1826	#FFFFFF	44
1827	#FFFFFF	44
1828	#FFFFFF	44
1829	#FFFFFF	71
1830	#FFFFFF	71
1831	#FFFFFF	71
1832	#FFFFFF	44
1833	#FFFFFF	71
1834	#FFFFFF	44
1835	#FFFFFF	71
1836	#FFFFFF	71
1837	#FFFFFF	44
1838	#FFFFFF	71
1839	#FFFFFF	71
1840	#FFFFFF	71
1841	#FFFFFF	44
1842	#FFFFFF	44
1843	#FFFFFF	44
1844	#FFFFFF	44
1845	#FFFFFF	44
1846	#FFFFFF	44
1847	#FFFFFF	44
1848	#FFFFFF	44
1849	#FFFFFF	44
1850	#FFFFFF	44
1851	#FFFFFF	44
1852	#FFFFFF	405
1853	#FFFFFF	405
1854	#FFFFFF	44
1855	#FFFFFF	44
1856	#FFFFFF	44
1857	#FFFFFF	44
1858	#FFFFFF	44
1860	#FFFFFF	44
1861	#FFFFFF	44
1862	#FFFFFF	1682
1863	#FFFFFF	44
1864	#FFFFFF	44
1865	#FFFFFF	44
1870	#FFFFFF	44
1871	#FFFFFF	44
1872	#FFFFFF	44
1873	#FFFFFF	463
1874	#FFFFFF	44
1875	#FFFFFF	44
1876	#FFFFFF	44
1877	#FFFFFF	44
1878	#FFFFFF	44
1879	#FFFFFF	71
1880	#FFFFFF	71
1881	#FFFFFF	71
1882	#FFFFFF	44
1883	#FFFFFF	71
1884	#FFFFFF	71
1885	#FFFFFF	44
1886	#FFFFFF	44
1887	#FFFFFF	44
1888	#FFFFFF	44
1889	#FFFFFF	71
1890	#FFFFFF	71
1891	#FFFFFF	71
1892	#FFFFFF	44
1893	#FFFFFF	44
1894	#FFFFFF	44
1895	#FFFFFF	44
1896	#FFFFFF	44
1897	#FFFFFF	44
1898	#FFFFFF	44
1899	#FFFFFF	44
1900	#FFFFFF	44
1901	#FFFFFF	44
1902	#FFFFFF	44
1903	#FFFFFF	44
1904	#FFFFFF	44
1905	#FFFFFF	405
1906	#FFFFFF	44
1907	#FFFFFF	44
1908	#FFFFFF	44
1909	#FFFFFF	44
1911	#FFFFFF	1682
1913	#FFFFFF	44
1915	#FFFFFF	44
1916	#FFFFFF	44
1920	#FFFFFF	44
1921	#FFFFFF	44
1922	#FFFFFF	44
1923	#FFFFFF	463
1924	#FFFFFF	463
1925	#FFFFFF	44
1926	#FFFFFF	44
1927	#FFFFFF	44
1928	#FFFFFF	71
1929	#FFFFFF	71
1930	#FFFFFF	44
1931	#FFFFFF	44
1932	#FFFFFF	71
1933	#FFFFFF	44
1934	#FFFFFF	71
1935	#FFFFFF	71
1936	#FFFFFF	44
1937	#FFFFFF	44
1938	#FFFFFF	71
1939	#FFFFFF	71
1940	#FFFFFF	71
1941	#FFFFFF	71
1942	#FFFFFF	44
1943	#FFFFFF	71
1944	#FFFFFF	44
1945	#FFFFFF	44
1946	#FFFFFF	44
1947	#FFFFFF	44
1948	#FFFFFF	44
1949	#FFFFFF	44
1950	#FFFFFF	44
1951	#FFFFFF	44
1952	#FFFFFF	44
1953	#FFFFFF	44
1954	#FFFFFF	405
1955	#FFFFFF	44
1956	#FFFFFF	405
1957	#FFFFFF	44
1958	#FFFFFF	44
1959	#FFFFFF	44
1960	#FFFFFF	44
1961	#FFFFFF	44
1962	#FFFFFF	1682
1963	#FFFFFF	44
1964	#FFFFFF	44
1969	#FFFFFF	44
1971	#FFFFFF	44
1972	#FFFFFF	44
1973	#FFFFFF	463
1974	#FFFFFF	463
1975	#FFFFFF	463
1976	#FFFFFF	44
1977	#FFFFFF	44
1978	#FFFFFF	44
1979	#FFFFFF	71
1980	#FFFFFF	44
1981	#FFFFFF	44
1982	#FFFFFF	44
1983	#FFFFFF	44
1984	#FFFFFF	71
1985	#FFFFFF	71
1986	#FFFFFF	71
1987	#FFFFFF	71
1988	#FFFFFF	44
1989	#FFFFFF	71
1990	#FFFFFF	71
1991	#FFFFFF	71
1992	#FFFFFF	71
1993	#FFFFFF	44
1994	#FFFFFF	44
1995	#FFFFFF	71
1996	#FFFFFF	44
1997	#FFFFFF	44
1998	#FFFFFF	44
1999	#FFFFFF	44
2000	#FFFFFF	44
2001	#FFFFFF	44
2002	#FFFFFF	44
2003	#FFFFFF	44
2004	#FFFFFF	44
2005	#FFFFFF	44
2006	#FFFFFF	405
2007	#FFFFFF	405
2008	#FFFFFF	44
2009	#FFFFFF	44
2010	#FFFFFF	44
2011	#FFFFFF	44
2012	#FFFFFF	44
2013	#FFFFFF	1682
2014	#FFFFFF	1682
2016	#FFFFFF	44
2020	#FFFFFF	463
2021	#FFFFFF	44
2022	#FFFFFF	44
2023	#FFFFFF	44
2024	#FFFFFF	463
2025	#FFFFFF	463
2026	#FFFFFF	463
2027	#FFFFFF	44
2028	#FFFFFF	44
2029	#FFFFFF	44
2030	#FFFFFF	71
2031	#FFFFFF	44
2032	#FFFFFF	44
2033	#FFFFFF	44
2034	#FFFFFF	44
2035	#FFFFFF	71
2036	#FFFFFF	71
2037	#FFFFFF	71
2038	#FFFFFF	71
2039	#FFFFFF	44
2040	#FFFFFF	71
2041	#FFFFFF	71
2042	#FFFFFF	44
2043	#FFFFFF	71
2044	#FFFFFF	71
2045	#FFFFFF	44
2046	#FFFFFF	44
2047	#FFFFFF	44
2048	#FFFFFF	44
2049	#FFFFFF	44
2050	#FFFFFF	44
2051	#FFFFFF	44
2052	#FFFFFF	44
2053	#FFFFFF	44
2054	#FFFFFF	44
2055	#FFFFFF	405
2056	#FFFFFF	44
2057	#FFFFFF	405
2058	#FFFFFF	44
2059	#FFFFFF	2374
2060	#FFFFFF	44
2061	#FFFFFF	2374
2062	#FFFFFF	44
2063	#FFFFFF	1682
2064	#FFFFFF	1682
2065	#FFFFFF	1682
2069	#FFFFFF	44
2070	#FFFFFF	463
2072	#FFFFFF	44
2073	#FFFFFF	44
2074	#FFFFFF	463
2075	#FFFFFF	463
2076	#FFFFFF	463
2077	#FFFFFF	44
2078	#FFFFFF	44
2079	#FFFFFF	44
2080	#FFFFFF	71
2081	#FFFFFF	44
2082	#FFFFFF	44
2083	#FFFFFF	44
2084	#FFFFFF	44
2085	#FFFFFF	44
2086	#FFFFFF	44
2087	#FFFFFF	71
2088	#FFFFFF	71
2089	#FFFFFF	44
2090	#FFFFFF	44
2091	#FFFFFF	44
2092	#FFFFFF	44
2093	#FFFFFF	71
2094	#FFFFFF	71
2095	#FFFFFF	44
2096	#FFFFFF	44
2097	#FFFFFF	44
2098	#FFFFFF	44
2099	#FFFFFF	44
2100	#FFFFFF	44
2101	#FFFFFF	44
2102	#FFFFFF	44
2103	#FFFFFF	44
2104	#FFFFFF	44
2105	#FFFFFF	44
2107	#FFFFFF	405
2108	#FFFFFF	405
2109	#FFFFFF	44
2110	#FFFFFF	2374
2111	#FFFFFF	2374
2112	#FFFFFF	44
2113	#FFFFFF	44
2114	#FFFFFF	1682
2115	#FFFFFF	1682
2120	#FFFFFF	44
2121	#FFFFFF	44
2122	#FFFFFF	44
2123	#FFFFFF	44
2124	#FFFFFF	44
2125	#FFFFFF	463
2126	#FFFFFF	463
2127	#FFFFFF	44
2128	#FFFFFF	44
2129	#FFFFFF	71
2130	#FFFFFF	71
2131	#FFFFFF	71
2132	#FFFFFF	44
2133	#FFFFFF	44
2134	#FFFFFF	44
2135	#FFFFFF	44
2136	#FFFFFF	44
2137	#FFFFFF	71
2138	#FFFFFF	71
2139	#FFFFFF	71
2140	#FFFFFF	71
2141	#FFFFFF	44
2142	#FFFFFF	44
2143	#FFFFFF	44
2144	#FFFFFF	44
2145	#FFFFFF	71
2146	#FFFFFF	44
2147	#FFFFFF	44
2148	#FFFFFF	44
2149	#FFFFFF	44
2150	#FFFFFF	44
2151	#FFFFFF	44
2152	#FFFFFF	44
2153	#FFFFFF	468
2154	#FFFFFF	44
2155	#FFFFFF	44
2156	#FFFFFF	44
2158	#FFFFFF	405
2159	#FFFFFF	405
2160	#FFFFFF	44
2161	#FFFFFF	2374
2162	#FFFFFF	2374
2163	#FFFFFF	44
2164	#FFFFFF	44
2165	#FFFFFF	1682
2166	#FFFFFF	44
2169	#FFFFFF	44
2170	#FFFFFF	44
2171	#FFFFFF	463
2173	#FFFFFF	44
2174	#FFFFFF	182
2175	#FFFFFF	44
2176	#FFFFFF	44
2177	#FFFFFF	463
2178	#FFFFFF	44
2179	#FFFFFF	44
2180	#FFFFFF	71
2181	#FFFFFF	71
2182	#FFFFFF	71
2183	#FFFFFF	44
2184	#FFFFFF	44
2185	#FFFFFF	44
2186	#FFFFFF	44
2187	#FFFFFF	44
2188	#FFFFFF	71
2189	#FFFFFF	71
2190	#FFFFFF	71
2191	#FFFFFF	44
2192	#FFFFFF	44
2193	#FFFFFF	44
2194	#FFFFFF	44
2195	#FFFFFF	44
2196	#FFFFFF	44
2197	#FFFFFF	44
2198	#FFFFFF	44
2199	#FFFFFF	44
2200	#FFFFFF	44
2201	#FFFFFF	44
2202	#FFFFFF	468
2203	#FFFFFF	468
2204	#FFFFFF	44
2205	#FFFFFF	44
2206	#FFFFFF	44
2208	#FFFFFF	44
2209	#FFFFFF	405
2210	#FFFFFF	44
2211	#FFFFFF	44
2212	#FFFFFF	2374
2213	#FFFFFF	2374
2214	#FFFFFF	44
2215	#FFFFFF	44
2216	#FFFFFF	44
2220	#FFFFFF	44
2221	#FFFFFF	44
2222	#FFFFFF	44
2223	#FFFFFF	44
2224	#FFFFFF	182
2225	#FFFFFF	182
2226	#FFFFFF	44
2227	#FFFFFF	463
2228	#FFFFFF	44
2229	#FFFFFF	44
2230	#FFFFFF	71
2231	#FFFFFF	71
2232	#FFFFFF	71
2233	#FFFFFF	71
2234	#FFFFFF	44
2235	#FFFFFF	44
2236	#FFFFFF	182
2237	#FFFFFF	44
2238	#FFFFFF	71
2239	#FFFFFF	71
2240	#FFFFFF	71
2241	#FFFFFF	71
2242	#FFFFFF	44
2243	#FFFFFF	44
2244	#FFFFFF	44
2245	#FFFFFF	44
2246	#FFFFFF	44
2248	#FFFFFF	44
2249	#FFFFFF	44
2250	#FFFFFF	44
2251	#FFFFFF	44
2252	#FFFFFF	44
2253	#FFFFFF	468
2254	#FFFFFF	468
2255	#FFFFFF	44
2256	#FFFFFF	44
2257	#FFFFFF	44
2259	#FFFFFF	44
2260	#FFFFFF	44
2261	#FFFFFF	44
2262	#FFFFFF	44
2263	#FFFFFF	44
2264	#FFFFFF	44
2265	#FFFFFF	44
2266	#FFFFFF	44
2267	#FFFFFF	44
2269	#FFFFFF	44
2270	#FFFFFF	44
2271	#FFFFFF	44
2272	#FFFFFF	44
2274	#FFFFFF	1668
2275	#FFFFFF	1668
2276	#FFFFFF	182
2277	#FFFFFF	182
2278	#FFFFFF	182
2279	#FFFFFF	71
2280	#FFFFFF	71
2281	#FFFFFF	71
2282	#FFFFFF	71
2283	#FFFFFF	71
2284	#FFFFFF	1890
2285	#FFFFFF	71
2286	#FFFFFF	182
2287	#FFFFFF	71
2288	#FFFFFF	71
2289	#FFFFFF	71
2290	#FFFFFF	71
2291	#FFFFFF	71
2292	#FFFFFF	19
2293	#FFFFFF	71
2294	#FFFFFF	19
2295	#FFFFFF	19
2296	#FFFFFF	19
2297	#FFFFFF	182
2301	#FFFFFF	19
2302	#FFFFFF	19
2303	#FFFFFF	19
2304	#FFFFFF	19
2305	#FFFFFF	19
2306	#FFFFFF	19
2307	#FFFFFF	19
2308	#FFFFFF	71
2309	#FFFFFF	19
2310	#FFFFFF	1880
2311	#FFFFFF	1880
2312	#FFFFFF	1880
2313	#FFFFFF	1880
2314	#FFFFFF	1880
2315	#FFFFFF	1880
2316	#FFFFFF	19
2317	#FFFFFF	19
2319	#FFFFFF	182
2320	#FFFFFF	182
2321	#FFFFFF	182
2322	#FFFFFF	182
2323	#FFFFFF	182
2324	#FFFFFF	1668
2325	#FFFFFF	1668
2326	#FFFFFF	1668
2327	#FFFFFF	182
2328	#FFFFFF	182
2329	#FFFFFF	182
2330	#FFFFFF	71
2331	#FFFFFF	71
2332	#FFFFFF	71
2333	#FFFFFF	71
2334	#FFFFFF	71
2335	#FFFFFF	1890
2336	#FFFFFF	71
2337	#FFFFFF	1668
2338	#FFFFFF	71
2339	#FFFFFF	71
2340	#FFFFFF	71
2341	#FFFFFF	71
2342	#FFFFFF	71
2343	#FFFFFF	71
2344	#FFFFFF	19
2345	#FFFFFF	71
2346	#FFFFFF	19
2348	#FFFFFF	182
2351	#FFFFFF	19
2352	#FFFFFF	19
2353	#FFFFFF	19
2354	#FFFFFF	19
2355	#FFFFFF	19
2356	#FFFFFF	19
2357	#FFFFFF	19
2358	#FFFFFF	19
2359	#FFFFFF	182
2360	#FFFFFF	19
2361	#FFFFFF	1880
2362	#FFFFFF	1880
2363	#FFFFFF	1880
2364	#FFFFFF	1880
2365	#FFFFFF	1880
2366	#FFFFFF	1880
2367	#FFFFFF	19
2368	#FFFFFF	19
2369	#FFFFFF	182
2370	#FFFFFF	182
2371	#FFFFFF	182
2372	#FFFFFF	182
2373	#FFFFFF	182
2375	#FFFFFF	182
2376	#FFFFFF	182
2377	#FFFFFF	44
2378	#FFFFFF	44
2379	#FFFFFF	44
2380	#FFFFFF	44
2381	#FFFFFF	71
2382	#FFFFFF	71
2383	#FFFFFF	71
2384	#FFFFFF	71
2385	#FFFFFF	71
2386	#FFFFFF	44
2387	#FFFFFF	182
2388	#FFFFFF	44
2389	#FFFFFF	71
2390	#FFFFFF	71
2391	#FFFFFF	71
2392	#FFFFFF	71
2393	#FFFFFF	44
2394	#FFFFFF	44
2395	#FFFFFF	44
2396	#FFFFFF	44
2397	#FFFFFF	44
2399	#FFFFFF	44
2400	#FFFFFF	44
2401	#FFFFFF	44
2402	#FFFFFF	44
2403	#FFFFFF	44
2404	#FFFFFF	468
2405	#FFFFFF	468
2406	#FFFFFF	44
2407	#FFFFFF	44
2408	#FFFFFF	44
2410	#FFFFFF	44
2411	#FFFFFF	44
2412	#FFFFFF	44
2413	#FFFFFF	44
2414	#FFFFFF	44
2415	#FFFFFF	44
2416	#FFFFFF	44
2417	#FFFFFF	44
2418	#FFFFFF	44
2421	#FFFFFF	44
2422	#FFFFFF	44
2423	#FFFFFF	44
2424	#FFFFFF	44
2425	#FFFFFF	182
2426	#FFFFFF	182
2427	#FFFFFF	182
2428	#FFFFFF	44
2429	#FFFFFF	44
2430	#FFFFFF	71
2431	#FFFFFF	71
2432	#FFFFFF	71
2433	#FFFFFF	71
2434	#FFFFFF	71
2435	#FFFFFF	71
2436	#FFFFFF	44
2437	#FFFFFF	44
2439	#FFFFFF	71
2440	#FFFFFF	71
2441	#FFFFFF	71
2442	#FFFFFF	71
2443	#FFFFFF	71
2444	#FFFFFF	44
2445	#FFFFFF	44
2446	#FFFFFF	44
2447	#FFFFFF	44
2448	#FFFFFF	44
2450	#FFFFFF	44
2451	#FFFFFF	44
2452	#FFFFFF	44
2453	#FFFFFF	44
2454	#FFFFFF	468
2455	#FFFFFF	468
2456	#FFFFFF	44
2457	#FFFFFF	44
2458	#FFFFFF	44
2459	#FFFFFF	44
2461	#FFFFFF	44
2462	#FFFFFF	44
2463	#FFFFFF	44
2464	#FFFFFF	44
2465	#FFFFFF	44
2466	#FFFFFF	44
2467	#FFFFFF	44
2468	#FFFFFF	44
2469	#FFFFFF	44
2470	#FFFFFF	44
2471	#FFFFFF	44
2472	#FFFFFF	44
2473	#FFFFFF	44
2474	#FFFFFF	44
2476	#FFFFFF	182
2477	#FFFFFF	182
2478	#FFFFFF	44
2479	#FFFFFF	44
2480	#FFFFFF	44
2481	#FFFFFF	71
2482	#FFFFFF	71
2483	#FFFFFF	71
2484	#FFFFFF	71
2485	#FFFFFF	71
2486	#FFFFFF	44
2487	#FFFFFF	44
2489	#FFFFFF	44
2490	#FFFFFF	71
2491	#FFFFFF	71
2492	#FFFFFF	71
2493	#FFFFFF	71
2494	#FFFFFF	44
2495	#FFFFFF	44
2496	#FFFFFF	44
2497	#FFFFFF	44
2498	#FFFFFF	44
2500	#FFFFFF	44
2501	#FFFFFF	44
2502	#FFFFFF	468
2503	#FFFFFF	44
2504	#FFFFFF	468
2505	#FFFFFF	468
2506	#FFFFFF	44
2507	#FFFFFF	468
2508	#FFFFFF	44
2509	#FFFFFF	468
2511	#FFFFFF	44
2512	#FFFFFF	44
2513	#FFFFFF	44
2514	#FFFFFF	44
2515	#FFFFFF	44
2516	#FFFFFF	44
2517	#FFFFFF	44
2518	#FFFFFF	44
2519	#FFFFFF	44
2521	#FFFFFF	44
2522	#FFFFFF	44
2523	#FFFFFF	44
2524	#FFFFFF	44
2525	#FFFFFF	44
2526	#FFFFFF	182
2527	#FFFFFF	182
2529	#FFFFFF	44
2530	#FFFFFF	44
2531	#FFFFFF	44
2532	#FFFFFF	71
2533	#FFFFFF	44
2534	#FFFFFF	71
2535	#FFFFFF	71
2536	#FFFFFF	71
2537	#FFFFFF	44
2538	#FFFFFF	44
2540	#FFFFFF	71
2541	#FFFFFF	71
2542	#FFFFFF	71
2543	#FFFFFF	44
2544	#FFFFFF	71
2545	#FFFFFF	44
2546	#FFFFFF	44
2547	#FFFFFF	44
2548	#FFFFFF	44
2549	#FFFFFF	44
2551	#FFFFFF	44
2552	#FFFFFF	44
2553	#FFFFFF	468
2554	#FFFFFF	468
2555	#FFFFFF	44
2556	#FFFFFF	44
2557	#FFFFFF	468
2558	#FFFFFF	468
2559	#FFFFFF	468
2560	#FFFFFF	468
2561	#FFFFFF	44
2562	#FFFFFF	44
2563	#FFFFFF	44
2564	#FFFFFF	44
2565	#FFFFFF	44
2566	#FFFFFF	44
2567	#FFFFFF	44
2568	#FFFFFF	44
2569	#FFFFFF	44
2570	#FFFFFF	44
2571	#FFFFFF	44
2572	#FFFFFF	44
2573	#FFFFFF	44
2574	#FFFFFF	44
2575	#FFFFFF	44
2579	#FFFFFF	44
2580	#FFFFFF	44
2581	#FFFFFF	44
2582	#FFFFFF	71
2583	#FFFFFF	44
2584	#FFFFFF	44
2585	#FFFFFF	71
2586	#FFFFFF	44
2587	#FFFFFF	44
2588	#FFFFFF	44
2590	#FFFFFF	71
2591	#FFFFFF	71
2592	#FFFFFF	71
2593	#FFFFFF	71
2594	#FFFFFF	44
2595	#FFFFFF	44
2596	#FFFFFF	44
2597	#FFFFFF	44
2598	#FFFFFF	44
2599	#FFFFFF	44
2601	#FFFFFF	44
2602	#FFFFFF	44
2603	#FFFFFF	44
2604	#FFFFFF	468
2605	#FFFFFF	44
2606	#FFFFFF	44
2607	#FFFFFF	468
2608	#FFFFFF	468
2609	#FFFFFF	468
2610	#FFFFFF	44
2611	#FFFFFF	44
2612	#FFFFFF	44
2613	#FFFFFF	44
2614	#FFFFFF	44
2615	#FFFFFF	44
2616	#FFFFFF	44
2617	#FFFFFF	44
2618	#FFFFFF	44
2619	#FFFFFF	238
2620	#FFFFFF	44
2622	#FFFFFF	44
2623	#FFFFFF	44
2624	#FFFFFF	44
2625	#FFFFFF	44
2626	#FFFFFF	44
2627	#FFFFFF	182
2630	#FFFFFF	44
2631	#FFFFFF	71
2632	#FFFFFF	71
2633	#FFFFFF	44
2634	#FFFFFF	44
2635	#FFFFFF	44
2636	#FFFFFF	44
2637	#FFFFFF	44
2638	#FFFFFF	44
2639	#FFFFFF	44
2641	#FFFFFF	71
2642	#FFFFFF	71
2643	#FFFFFF	71
2644	#FFFFFF	71
2645	#FFFFFF	44
2646	#FFFFFF	44
2647	#FFFFFF	44
2648	#FFFFFF	44
2649	#FFFFFF	44
2650	#FFFFFF	44
2651	#FFFFFF	182
2652	#FFFFFF	44
2653	#FFFFFF	44
2654	#FFFFFF	468
2655	#FFFFFF	468
2656	#FFFFFF	468
2657	#FFFFFF	468
2658	#FFFFFF	44
2659	#FFFFFF	468
2660	#FFFFFF	468
2661	#FFFFFF	44
2662	#FFFFFF	182
2663	#FFFFFF	44
2664	#FFFFFF	44
2665	#FFFFFF	44
2666	#FFFFFF	44
2667	#FFFFFF	44
2668	#FFFFFF	44
2669	#FFFFFF	238
2670	#FFFFFF	238
2671	#FFFFFF	44
2672	#FFFFFF	182
2673	#FFFFFF	44
2674	#FFFFFF	44
2675	#FFFFFF	44
2676	#FFFFFF	44
2680	#FFFFFF	44
2681	#FFFFFF	44
2682	#FFFFFF	71
2683	#FFFFFF	44
2684	#FFFFFF	44
2685	#FFFFFF	44
2686	#FFFFFF	44
2687	#FFFFFF	44
2688	#FFFFFF	44
2689	#FFFFFF	44
2691	#FFFFFF	71
2692	#FFFFFF	71
2693	#FFFFFF	44
2694	#FFFFFF	71
2695	#FFFFFF	44
2696	#FFFFFF	44
2697	#FFFFFF	44
2698	#FFFFFF	44
2699	#FFFFFF	44
2700	#FFFFFF	44
2701	#FFFFFF	182
2702	#FFFFFF	44
2703	#FFFFFF	44
2704	#FFFFFF	44
2705	#FFFFFF	468
2706	#FFFFFF	468
2707	#FFFFFF	468
2708	#FFFFFF	468
2709	#FFFFFF	44
2710	#FFFFFF	44
2711	#FFFFFF	44
2712	#FFFFFF	182
2713	#FFFFFF	44
2714	#FFFFFF	44
2715	#FFFFFF	44
2716	#FFFFFF	44
2717	#FFFFFF	44
2718	#FFFFFF	44
2719	#FFFFFF	44
2720	#FFFFFF	238
2721	#FFFFFF	44
2723	#FFFFFF	182
2724	#FFFFFF	182
2725	#FFFFFF	44
2726	#FFFFFF	44
2727	#FFFFFF	44
2731	#FFFFFF	44
2732	#FFFFFF	71
2733	#FFFFFF	44
2734	#FFFFFF	44
2735	#FFFFFF	44
2736	#FFFFFF	44
2737	#FFFFFF	44
2738	#FFFFFF	44
2739	#FFFFFF	44
2740	#FFFFFF	44
2741	#FFFFFF	182
2742	#FFFFFF	44
2743	#FFFFFF	44
2744	#FFFFFF	44
2745	#FFFFFF	44
2746	#FFFFFF	44
2747	#FFFFFF	44
2748	#FFFFFF	44
2749	#FFFFFF	44
2750	#FFFFFF	44
2751	#FFFFFF	44
2752	#FFFFFF	182
2753	#FFFFFF	44
2754	#FFFFFF	44
2755	#FFFFFF	44
2756	#FFFFFF	468
2757	#FFFFFF	468
2758	#FFFFFF	468
2759	#FFFFFF	468
2760	#FFFFFF	44
2761	#FFFFFF	44
2762	#FFFFFF	44
2763	#FFFFFF	182
2764	#FFFFFF	44
2765	#FFFFFF	44
2766	#FFFFFF	44
2767	#FFFFFF	44
2768	#FFFFFF	44
2769	#FFFFFF	44
2770	#FFFFFF	238
2771	#FFFFFF	44
2772	#FFFFFF	238
2773	#FFFFFF	182
2774	#FFFFFF	44
2775	#FFFFFF	44
2776	#FFFFFF	44
2777	#FFFFFF	44
2781	#FFFFFF	44
2782	#FFFFFF	71
2783	#FFFFFF	71
2784	#FFFFFF	44
2785	#FFFFFF	44
2786	#FFFFFF	44
2787	#FFFFFF	44
2788	#FFFFFF	44
2789	#FFFFFF	44
2790	#FFFFFF	44
2791	#FFFFFF	182
2792	#FFFFFF	44
2793	#FFFFFF	44
2794	#FFFFFF	44
2795	#FFFFFF	44
2796	#FFFFFF	44
2797	#FFFFFF	44
2798	#FFFFFF	44
2799	#FFFFFF	44
2800	#FFFFFF	44
2801	#FFFFFF	44
2802	#FFFFFF	182
2803	#FFFFFF	44
2804	#FFFFFF	468
2805	#FFFFFF	44
2806	#FFFFFF	468
2807	#FFFFFF	468
2808	#FFFFFF	468
2809	#FFFFFF	44
2810	#FFFFFF	44
2811	#FFFFFF	44
2812	#FFFFFF	44
2813	#FFFFFF	182
2814	#FFFFFF	44
2815	#FFFFFF	44
2816	#FFFFFF	44
2817	#FFFFFF	44
2818	#FFFFFF	44
2819	#FFFFFF	44
2820	#FFFFFF	44
2821	#FFFFFF	238
2822	#FFFFFF	238
2824	#FFFFFF	182
2825	#FFFFFF	44
2826	#FFFFFF	44
2827	#FFFFFF	44
2828	#FFFFFF	44
2831	#FFFFFF	182
2832	#FFFFFF	44
2833	#FFFFFF	44
2834	#FFFFFF	44
2835	#FFFFFF	44
2836	#FFFFFF	44
2837	#FFFFFF	44
2838	#FFFFFF	44
2839	#FFFFFF	44
2840	#FFFFFF	44
2841	#FFFFFF	44
2842	#FFFFFF	182
2843	#FFFFFF	44
2844	#FFFFFF	44
2845	#FFFFFF	44
2846	#FFFFFF	44
2847	#FFFFFF	44
2848	#FFFFFF	44
2849	#FFFFFF	44
2850	#FFFFFF	44
2851	#FFFFFF	44
2852	#FFFFFF	44
2853	#FFFFFF	182
2854	#FFFFFF	44
2855	#FFFFFF	468
2856	#FFFFFF	468
2857	#FFFFFF	468
2858	#FFFFFF	468
2859	#FFFFFF	44
2860	#FFFFFF	44
2861	#FFFFFF	44
2862	#FFFFFF	44
2863	#FFFFFF	44
2864	#FFFFFF	182
2865	#FFFFFF	44
2866	#FFFFFF	44
2867	#FFFFFF	44
2868	#FFFFFF	44
2869	#FFFFFF	44
2870	#FFFFFF	44
2871	#FFFFFF	238
2872	#FFFFFF	238
2873	#FFFFFF	238
2874	#FFFFFF	182
2875	#FFFFFF	44
2876	#FFFFFF	44
2877	#FFFFFF	44
2878	#FFFFFF	44
2881	#FFFFFF	182
2882	#FFFFFF	44
2883	#FFFFFF	44
2884	#FFFFFF	44
2885	#FFFFFF	44
2886	#FFFFFF	44
2887	#FFFFFF	44
2888	#FFFFFF	44
2889	#FFFFFF	44
2890	#FFFFFF	44
2891	#FFFFFF	44
2892	#FFFFFF	182
2893	#FFFFFF	44
2894	#FFFFFF	44
2895	#FFFFFF	44
2896	#FFFFFF	44
2897	#FFFFFF	44
2898	#FFFFFF	44
2899	#FFFFFF	44
2900	#FFFFFF	44
2901	#FFFFFF	44
2902	#FFFFFF	468
2903	#FFFFFF	44
2904	#FFFFFF	44
2905	#FFFFFF	468
2906	#FFFFFF	468
2907	#FFFFFF	468
2908	#FFFFFF	468
2909	#FFFFFF	468
2910	#FFFFFF	44
2911	#FFFFFF	44
2912	#FFFFFF	44
2913	#FFFFFF	44
2914	#FFFFFF	44
2915	#FFFFFF	44
2916	#FFFFFF	44
2917	#FFFFFF	44
2918	#FFFFFF	44
2919	#FFFFFF	44
2920	#FFFFFF	44
2921	#FFFFFF	238
2922	#FFFFFF	238
2923	#FFFFFF	238
2925	#FFFFFF	44
2926	#FFFFFF	182
2927	#FFFFFF	44
2928	#FFFFFF	44
2929	#FFFFFF	44
2931	#FFFFFF	182
2932	#FFFFFF	182
2933	#FFFFFF	44
2934	#FFFFFF	44
2935	#FFFFFF	44
2936	#FFFFFF	44
2937	#FFFFFF	44
2938	#FFFFFF	44
2939	#FFFFFF	44
2940	#FFFFFF	44
2941	#FFFFFF	44
2942	#FFFFFF	44
2943	#FFFFFF	44
2944	#FFFFFF	44
2945	#FFFFFF	44
2946	#FFFFFF	44
2947	#FFFFFF	44
2948	#FFFFFF	468
2949	#FFFFFF	468
2950	#FFFFFF	468
2951	#FFFFFF	44
2952	#FFFFFF	44
2953	#FFFFFF	468
2954	#FFFFFF	44
2955	#FFFFFF	44
2956	#FFFFFF	468
2957	#FFFFFF	468
2958	#FFFFFF	468
2959	#FFFFFF	468
2960	#FFFFFF	468
2961	#FFFFFF	44
2962	#FFFFFF	44
2963	#FFFFFF	44
2964	#FFFFFF	44
2965	#FFFFFF	44
2966	#FFFFFF	44
2967	#FFFFFF	44
2968	#FFFFFF	44
2969	#FFFFFF	44
2970	#FFFFFF	238
2971	#FFFFFF	238
2972	#FFFFFF	238
2973	#FFFFFF	238
2974	#FFFFFF	238
2975	#FFFFFF	182
2976	#FFFFFF	44
2977	#FFFFFF	44
2978	#FFFFFF	44
2979	#FFFFFF	44
2981	#FFFFFF	44
2982	#FFFFFF	44
2983	#FFFFFF	44
2984	#FFFFFF	44
2985	#FFFFFF	44
2986	#FFFFFF	44
2987	#FFFFFF	44
2988	#FFFFFF	44
2989	#FFFFFF	44
2990	#FFFFFF	44
2991	#FFFFFF	44
2992	#FFFFFF	44
2993	#FFFFFF	44
2994	#FFFFFF	44
2995	#FFFFFF	44
2996	#FFFFFF	44
2997	#FFFFFF	44
2998	#FFFFFF	44
2999	#FFFFFF	468
3000	#FFFFFF	468
3001	#FFFFFF	468
3002	#FFFFFF	44
3003	#FFFFFF	468
3004	#FFFFFF	44
3005	#FFFFFF	44
3006	#FFFFFF	468
3007	#FFFFFF	468
3008	#FFFFFF	468
3009	#FFFFFF	468
3010	#FFFFFF	468
3011	#FFFFFF	468
3012	#FFFFFF	468
3013	#FFFFFF	44
3014	#FFFFFF	468
3015	#FFFFFF	44
3016	#FFFFFF	44
3017	#FFFFFF	44
3018	#FFFFFF	44
3019	#FFFFFF	238
3020	#FFFFFF	44
3021	#FFFFFF	238
3022	#FFFFFF	238
3023	#FFFFFF	238
3024	#FFFFFF	238
3026	#FFFFFF	182
3027	#FFFFFF	44
3028	#FFFFFF	44
3029	#FFFFFF	44
3030	#FFFFFF	44
3031	#FFFFFF	44
3032	#FFFFFF	44
3033	#FFFFFF	44
3034	#FFFFFF	44
3035	#FFFFFF	44
3036	#FFFFFF	44
3037	#FFFFFF	44
3038	#FFFFFF	44
3039	#FFFFFF	44
3040	#FFFFFF	44
3041	#FFFFFF	44
3042	#FFFFFF	44
3043	#FFFFFF	44
3044	#FFFFFF	44
3045	#FFFFFF	44
3046	#FFFFFF	44
3047	#FFFFFF	44
3048	#FFFFFF	468
3049	#FFFFFF	468
3050	#FFFFFF	468
3051	#FFFFFF	468
3052	#FFFFFF	468
3053	#FFFFFF	468
3054	#FFFFFF	44
3055	#FFFFFF	44
3056	#FFFFFF	468
3057	#FFFFFF	468
3058	#FFFFFF	468
3059	#FFFFFF	468
3060	#FFFFFF	468
3061	#FFFFFF	468
3062	#FFFFFF	468
3063	#FFFFFF	468
3064	#FFFFFF	468
3065	#FFFFFF	44
3066	#FFFFFF	44
3067	#FFFFFF	44
3068	#FFFFFF	44
3069	#FFFFFF	238
3070	#FFFFFF	238
3071	#FFFFFF	238
3072	#FFFFFF	238
3073	#FFFFFF	238
3074	#FFFFFF	238
3075	#FFFFFF	238
3076	#FFFFFF	182
3077	#FFFFFF	44
3078	#FFFFFF	44
3079	#FFFFFF	44
3080	#FFFFFF	44
3082	#FFFFFF	869
3083	#FFFFFF	869
3084	#FFFFFF	44
3085	#FFFFFF	44
3086	#FFFFFF	44
3087	#FFFFFF	44
3088	#FFFFFF	44
3089	#FFFFFF	44
3090	#FFFFFF	44
3091	#FFFFFF	44
3092	#FFFFFF	44
3093	#FFFFFF	44
3094	#FFFFFF	869
3095	#FFFFFF	44
3096	#FFFFFF	44
3097	#FFFFFF	468
3098	#FFFFFF	468
3099	#FFFFFF	468
3100	#FFFFFF	1725
3101	#FFFFFF	468
3102	#FFFFFF	468
3103	#FFFFFF	468
3104	#FFFFFF	44
3105	#FFFFFF	44
3106	#FFFFFF	44
3107	#FFFFFF	468
3108	#FFFFFF	468
3109	#FFFFFF	468
3110	#FFFFFF	44
3111	#FFFFFF	44
3112	#FFFFFF	468
3113	#FFFFFF	468
3114	#FFFFFF	468
3115	#FFFFFF	468
3116	#FFFFFF	44
3117	#FFFFFF	44
3118	#FFFFFF	44
3119	#FFFFFF	44
3120	#FFFFFF	238
3121	#FFFFFF	238
3122	#FFFFFF	238
3123	#FFFFFF	238
3124	#FFFFFF	238
3125	#FFFFFF	238
3127	#FFFFFF	182
3128	#FFFFFF	44
3129	#FFFFFF	44
3130	#FFFFFF	44
3131	#FFFFFF	44
3132	#FFFFFF	44
3133	#FFFFFF	869
3134	#FFFFFF	869
3135	#FFFFFF	44
3136	#FFFFFF	44
3137	#FFFFFF	44
3138	#FFFFFF	44
3139	#FFFFFF	44
3140	#FFFFFF	44
3141	#FFFFFF	44
3142	#FFFFFF	44
3143	#FFFFFF	44
3144	#FFFFFF	44
3145	#FFFFFF	869
3146	#FFFFFF	44
3147	#FFFFFF	44
3149	#FFFFFF	468
3150	#FFFFFF	468
3151	#FFFFFF	1725
3152	#FFFFFF	468
3153	#FFFFFF	468
3154	#FFFFFF	468
3155	#FFFFFF	468
3156	#FFFFFF	869
3157	#FFFFFF	44
3158	#FFFFFF	468
3159	#FFFFFF	468
3160	#FFFFFF	468
3161	#FFFFFF	44
3162	#FFFFFF	468
3163	#FFFFFF	468
3164	#FFFFFF	468
3165	#FFFFFF	44
3166	#FFFFFF	44
3167	#FFFFFF	44
3168	#FFFFFF	44
3169	#FFFFFF	238
3170	#FFFFFF	238
3171	#FFFFFF	238
3172	#FFFFFF	238
3173	#FFFFFF	238
3174	#FFFFFF	238
3175	#FFFFFF	238
3176	#FFFFFF	238
3177	#FFFFFF	44
3178	#FFFFFF	44
3179	#FFFFFF	44
3180	#FFFFFF	44
3181	#FFFFFF	44
3183	#FFFFFF	44
3184	#FFFFFF	869
3185	#FFFFFF	44
3186	#FFFFFF	44
3187	#FFFFFF	44
3188	#FFFFFF	44
3189	#FFFFFF	44
3190	#FFFFFF	44
3191	#FFFFFF	44
3192	#FFFFFF	44
3193	#FFFFFF	44
3194	#FFFFFF	44
3195	#FFFFFF	869
3196	#FFFFFF	44
3197	#FFFFFF	44
3198	#FFFFFF	468
3199	#FFFFFF	468
3200	#FFFFFF	468
3201	#FFFFFF	1725
3202	#FFFFFF	1725
3203	#FFFFFF	468
3204	#FFFFFF	1725
3205	#FFFFFF	468
3206	#FFFFFF	869
3207	#FFFFFF	468
3208	#FFFFFF	44
3209	#FFFFFF	468
3210	#FFFFFF	468
3211	#FFFFFF	44
3212	#FFFFFF	44
3213	#FFFFFF	468
3214	#FFFFFF	468
3215	#FFFFFF	468
3216	#FFFFFF	44
3217	#FFFFFF	869
3218	#FFFFFF	44
3219	#FFFFFF	44
3220	#FFFFFF	238
3221	#FFFFFF	238
3222	#FFFFFF	238
3223	#FFFFFF	238
3224	#FFFFFF	238
3225	#FFFFFF	238
3226	#FFFFFF	238
3228	#FFFFFF	44
3229	#FFFFFF	44
3230	#FFFFFF	44
3231	#FFFFFF	44
3232	#FFFFFF	44
3233	#FFFFFF	182
3234	#FFFFFF	44
3235	#FFFFFF	869
3236	#FFFFFF	44
3237	#FFFFFF	44
3238	#FFFFFF	44
3239	#FFFFFF	44
3240	#FFFFFF	44
3241	#FFFFFF	44
3242	#FFFFFF	44
3243	#FFFFFF	44
3244	#FFFFFF	44
3245	#FFFFFF	44
3246	#FFFFFF	869
3247	#FFFFFF	44
3248	#FFFFFF	468
3249	#FFFFFF	468
3250	#FFFFFF	468
3251	#FFFFFF	1725
3252	#FFFFFF	1725
3253	#FFFFFF	468
3254	#FFFFFF	1725
3255	#FFFFFF	468
3256	#FFFFFF	468
3257	#FFFFFF	869
3258	#FFFFFF	468
3259	#FFFFFF	468
3260	#FFFFFF	468
3261	#FFFFFF	44
3262	#FFFFFF	44
3263	#FFFFFF	468
3264	#FFFFFF	44
3265	#FFFFFF	44
3266	#FFFFFF	44
3267	#FFFFFF	44
3268	#FFFFFF	869
3269	#FFFFFF	44
3270	#FFFFFF	44
3271	#FFFFFF	238
3272	#FFFFFF	238
3273	#FFFFFF	238
3274	#FFFFFF	238
3275	#FFFFFF	238
3276	#FFFFFF	238
3277	#FFFFFF	238
3278	#FFFFFF	869
3279	#FFFFFF	869
3280	#FFFFFF	44
3281	#FFFFFF	44
3282	#FFFFFF	44
3284	#FFFFFF	44
3285	#FFFFFF	44
3286	#FFFFFF	44
3287	#FFFFFF	44
3288	#FFFFFF	44
3289	#FFFFFF	44
3290	#FFFFFF	44
3291	#FFFFFF	44
3292	#FFFFFF	44
3293	#FFFFFF	44
3294	#FFFFFF	44
3295	#FFFFFF	44
3296	#FFFFFF	869
3297	#FFFFFF	468
3298	#FFFFFF	468
3299	#FFFFFF	468
3300	#FFFFFF	468
3301	#FFFFFF	468
3302	#FFFFFF	1725
3303	#FFFFFF	1725
3304	#FFFFFF	1725
3305	#FFFFFF	468
3306	#FFFFFF	468
3307	#FFFFFF	869
3308	#FFFFFF	468
3309	#FFFFFF	468
3310	#FFFFFF	468
3311	#FFFFFF	468
3312	#FFFFFF	468
3313	#FFFFFF	44
3314	#FFFFFF	468
3315	#FFFFFF	44
3316	#FFFFFF	44
3317	#FFFFFF	44
3318	#FFFFFF	869
3319	#FFFFFF	44
3320	#FFFFFF	44
3321	#FFFFFF	238
3322	#FFFFFF	238
3323	#FFFFFF	238
3324	#FFFFFF	238
3325	#FFFFFF	238
3326	#FFFFFF	238
3327	#FFFFFF	238
3329	#FFFFFF	869
3330	#FFFFFF	869
3331	#FFFFFF	44
3332	#FFFFFF	44
3333	#FFFFFF	44
3334	#FFFFFF	44
3335	#FFFFFF	44
3336	#FFFFFF	44
3337	#FFFFFF	44
3338	#FFFFFF	44
3339	#FFFFFF	44
3340	#FFFFFF	44
3341	#FFFFFF	44
3342	#FFFFFF	44
3343	#FFFFFF	44
3344	#FFFFFF	44
3345	#FFFFFF	44
3346	#FFFFFF	468
3347	#FFFFFF	869
3348	#FFFFFF	468
3349	#FFFFFF	468
3350	#FFFFFF	468
3351	#FFFFFF	468
3352	#FFFFFF	468
3353	#FFFFFF	1725
3354	#FFFFFF	1725
3355	#FFFFFF	1725
3356	#FFFFFF	468
3357	#FFFFFF	468
3358	#FFFFFF	869
3359	#FFFFFF	468
3360	#FFFFFF	468
3361	#FFFFFF	468
3362	#FFFFFF	468
3363	#FFFFFF	44
3364	#FFFFFF	44
3365	#FFFFFF	468
3366	#FFFFFF	44
3367	#FFFFFF	44
3368	#FFFFFF	44
3369	#FFFFFF	869
3370	#FFFFFF	44
3371	#FFFFFF	238
3372	#FFFFFF	238
3373	#FFFFFF	238
3374	#FFFFFF	238
3375	#FFFFFF	238
3376	#FFFFFF	238
3377	#FFFFFF	238
3378	#FFFFFF	238
3379	#FFFFFF	869
3380	#FFFFFF	869
3381	#FFFFFF	44
3382	#FFFFFF	44
3383	#FFFFFF	44
3385	#FFFFFF	1668
3386	#FFFFFF	1668
3387	#FFFFFF	44
3388	#FFFFFF	44
3389	#FFFFFF	182
3390	#FFFFFF	71
3391	#FFFFFF	71
3392	#FFFFFF	71
3393	#FFFFFF	71
3394	#FFFFFF	71
3395	#FFFFFF	1890
3396	#FFFFFF	1890
3397	#FFFFFF	1668
3398	#FFFFFF	1890
3399	#FFFFFF	71
3400	#FFFFFF	71
3401	#FFFFFF	71
3402	#FFFFFF	71
3403	#FFFFFF	71
3404	#FFFFFF	19
3405	#FFFFFF	71
3406	#FFFFFF	19
3408	#FFFFFF	1668
3411	#FFFFFF	19
3412	#FFFFFF	19
3413	#FFFFFF	19
3414	#FFFFFF	19
3415	#FFFFFF	19
3416	#FFFFFF	19
3417	#FFFFFF	19
3418	#FFFFFF	19
3419	#FFFFFF	182
3420	#FFFFFF	19
3421	#FFFFFF	1880
3422	#FFFFFF	1880
3423	#FFFFFF	1880
3424	#FFFFFF	1880
3425	#FFFFFF	1880
3426	#FFFFFF	1880
3427	#FFFFFF	19
3428	#FFFFFF	19
3430	#FFFFFF	182
3431	#FFFFFF	182
3432	#FFFFFF	182
3433	#FFFFFF	182
3434	#FFFFFF	182
3435	#FFFFFF	1668
3436	#FFFFFF	1668
3437	#FFFFFF	1668
3438	#FFFFFF	44
3439	#FFFFFF	182
3441	#FFFFFF	71
3442	#FFFFFF	71
3443	#FFFFFF	71
3444	#FFFFFF	71
3445	#FFFFFF	71
3446	#FFFFFF	71
3447	#FFFFFF	1890
3448	#FFFFFF	1668
3449	#FFFFFF	71
3450	#FFFFFF	71
3451	#FFFFFF	71
3452	#FFFFFF	71
3453	#FFFFFF	71
3454	#FFFFFF	71
3455	#FFFFFF	71
3456	#FFFFFF	71
3459	#FFFFFF	1668
3461	#FFFFFF	19
3462	#FFFFFF	19
3463	#FFFFFF	19
3464	#FFFFFF	19
3465	#FFFFFF	19
3466	#FFFFFF	19
3467	#FFFFFF	19
3468	#FFFFFF	19
3469	#FFFFFF	19
3470	#FFFFFF	182
3471	#FFFFFF	19
3472	#FFFFFF	1880
3473	#FFFFFF	1880
3474	#FFFFFF	1880
3475	#FFFFFF	1880
3476	#FFFFFF	1880
3477	#FFFFFF	19
3478	#FFFFFF	824
3479	#FFFFFF	19
3480	#FFFFFF	182
3481	#FFFFFF	1668
3482	#FFFFFF	1668
3483	#FFFFFF	182
3484	#FFFFFF	44
3486	#FFFFFF	182
3487	#FFFFFF	44
3488	#FFFFFF	44
3489	#FFFFFF	44
3490	#FFFFFF	44
3491	#FFFFFF	44
3492	#FFFFFF	44
3493	#FFFFFF	44
3494	#FFFFFF	44
3495	#FFFFFF	44
3496	#FFFFFF	44
3497	#FFFFFF	44
3498	#FFFFFF	44
3499	#FFFFFF	468
3500	#FFFFFF	468
3501	#FFFFFF	468
3502	#FFFFFF	468
3503	#FFFFFF	468
3504	#FFFFFF	1725
3505	#FFFFFF	1725
3506	#FFFFFF	1725
3507	#FFFFFF	468
3508	#FFFFFF	468
3509	#FFFFFF	869
3510	#FFFFFF	468
3511	#FFFFFF	468
3512	#FFFFFF	468
3513	#FFFFFF	468
3514	#FFFFFF	44
3515	#FFFFFF	44
3516	#FFFFFF	44
3517	#FFFFFF	44
3518	#FFFFFF	44
3519	#FFFFFF	44
3520	#FFFFFF	869
3521	#FFFFFF	44
3522	#FFFFFF	238
3523	#FFFFFF	238
3524	#FFFFFF	238
3525	#FFFFFF	238
3526	#FFFFFF	238
3527	#FFFFFF	238
3528	#FFFFFF	238
3529	#FFFFFF	238
3531	#FFFFFF	869
3532	#FFFFFF	44
3533	#FFFFFF	44
3534	#FFFFFF	44
3535	#FFFFFF	44
3536	#FFFFFF	182
3537	#FFFFFF	44
3538	#FFFFFF	44
3539	#FFFFFF	44
3540	#FFFFFF	44
3541	#FFFFFF	44
3542	#FFFFFF	44
3543	#FFFFFF	44
3544	#FFFFFF	44
3545	#FFFFFF	44
3546	#FFFFFF	44
3547	#FFFFFF	44
3548	#FFFFFF	44
3549	#FFFFFF	869
3550	#FFFFFF	44
3551	#FFFFFF	44
3552	#FFFFFF	468
3553	#FFFFFF	468
3554	#FFFFFF	1725
3555	#FFFFFF	1725
3556	#FFFFFF	1725
3557	#FFFFFF	1725
3558	#FFFFFF	468
3559	#FFFFFF	468
3560	#FFFFFF	869
3561	#FFFFFF	468
3562	#FFFFFF	468
3563	#FFFFFF	468
3564	#FFFFFF	44
3565	#FFFFFF	44
3566	#FFFFFF	44
3567	#FFFFFF	44
3568	#FFFFFF	44
3569	#FFFFFF	44
3570	#FFFFFF	44
3571	#FFFFFF	869
3572	#FFFFFF	44
3573	#FFFFFF	238
3574	#FFFFFF	238
3575	#FFFFFF	238
3576	#FFFFFF	238
3577	#FFFFFF	238
3578	#FFFFFF	238
3579	#FFFFFF	238
3580	#FFFFFF	238
3581	#FFFFFF	869
3582	#FFFFFF	44
3583	#FFFFFF	44
3584	#FFFFFF	44
3585	#FFFFFF	44
3587	#FFFFFF	182
3588	#FFFFFF	44
3589	#FFFFFF	44
3590	#FFFFFF	44
3591	#FFFFFF	44
3592	#FFFFFF	44
3593	#FFFFFF	44
3594	#FFFFFF	44
3595	#FFFFFF	44
3596	#FFFFFF	44
3597	#FFFFFF	44
3598	#FFFFFF	44
3599	#FFFFFF	44
3600	#FFFFFF	44
3601	#FFFFFF	44
3602	#FFFFFF	468
3603	#FFFFFF	468
3604	#FFFFFF	468
3605	#FFFFFF	1725
3606	#FFFFFF	1725
3607	#FFFFFF	1725
3608	#FFFFFF	1725
3609	#FFFFFF	468
3610	#FFFFFF	869
3611	#FFFFFF	468
3612	#FFFFFF	468
3613	#FFFFFF	468
3614	#FFFFFF	468
3615	#FFFFFF	44
3616	#FFFFFF	44
3617	#FFFFFF	44
3618	#FFFFFF	44
3619	#FFFFFF	44
3620	#FFFFFF	44
3621	#FFFFFF	869
3622	#FFFFFF	44
3623	#FFFFFF	44
3624	#FFFFFF	238
3625	#FFFFFF	238
3626	#FFFFFF	238
3627	#FFFFFF	238
3628	#FFFFFF	238
3629	#FFFFFF	238
3630	#FFFFFF	238
3632	#FFFFFF	869
3633	#FFFFFF	44
3634	#FFFFFF	44
3635	#FFFFFF	44
3636	#FFFFFF	44
3637	#FFFFFF	182
3638	#FFFFFF	44
3639	#FFFFFF	44
3640	#FFFFFF	44
3641	#FFFFFF	44
3642	#FFFFFF	44
3643	#FFFFFF	44
3644	#FFFFFF	44
3645	#FFFFFF	44
3646	#FFFFFF	44
3647	#FFFFFF	44
3648	#FFFFFF	44
3649	#FFFFFF	44
3650	#FFFFFF	869
3651	#FFFFFF	44
3652	#FFFFFF	44
3653	#FFFFFF	468
3654	#FFFFFF	468
3655	#FFFFFF	468
3656	#FFFFFF	468
3657	#FFFFFF	1725
3658	#FFFFFF	468
3659	#FFFFFF	468
3660	#FFFFFF	468
3661	#FFFFFF	869
3662	#FFFFFF	468
3663	#FFFFFF	468
3664	#FFFFFF	468
3665	#FFFFFF	468
3666	#FFFFFF	468
3667	#FFFFFF	44
3668	#FFFFFF	44
3669	#FFFFFF	44
3670	#FFFFFF	44
3671	#FFFFFF	44
3672	#FFFFFF	869
3673	#FFFFFF	44
3674	#FFFFFF	44
3675	#FFFFFF	238
3676	#FFFFFF	44
3677	#FFFFFF	238
3678	#FFFFFF	238
3679	#FFFFFF	238
3680	#FFFFFF	238
3681	#FFFFFF	238
3682	#FFFFFF	869
3683	#FFFFFF	44
3684	#FFFFFF	44
3685	#FFFFFF	44
3686	#FFFFFF	44
3688	#FFFFFF	44
3689	#FFFFFF	44
3690	#FFFFFF	44
3691	#FFFFFF	468
3692	#FFFFFF	44
3693	#FFFFFF	44
3694	#FFFFFF	44
3695	#FFFFFF	44
3696	#FFFFFF	44
3697	#FFFFFF	44
3698	#FFFFFF	44
3699	#FFFFFF	44
3700	#FFFFFF	869
3701	#FFFFFF	44
3702	#FFFFFF	44
3703	#FFFFFF	468
3704	#FFFFFF	468
3705	#FFFFFF	468
3706	#FFFFFF	468
3707	#FFFFFF	468
3708	#FFFFFF	468
3709	#FFFFFF	468
3710	#FFFFFF	468
3711	#FFFFFF	869
3712	#FFFFFF	468
3713	#FFFFFF	468
3714	#FFFFFF	468
3715	#FFFFFF	468
3716	#FFFFFF	468
3717	#FFFFFF	468
3718	#FFFFFF	44
3719	#FFFFFF	44
3720	#FFFFFF	44
3721	#FFFFFF	44
3722	#FFFFFF	869
3723	#FFFFFF	44
3724	#FFFFFF	44
3725	#FFFFFF	238
3726	#FFFFFF	44
3727	#FFFFFF	44
3728	#FFFFFF	238
3729	#FFFFFF	238
3730	#FFFFFF	238
3731	#FFFFFF	238
3733	#FFFFFF	869
3734	#FFFFFF	44
3735	#FFFFFF	44
3736	#FFFFFF	44
3737	#FFFFFF	44
3738	#FFFFFF	182
3739	#FFFFFF	44
3740	#FFFFFF	44
3741	#FFFFFF	44
3742	#FFFFFF	468
3743	#FFFFFF	44
3744	#FFFFFF	44
3745	#FFFFFF	468
3746	#FFFFFF	468
3747	#FFFFFF	44
3748	#FFFFFF	44
3749	#FFFFFF	44
3750	#FFFFFF	44
3751	#FFFFFF	869
3752	#FFFFFF	44
3753	#FFFFFF	468
3754	#FFFFFF	468
3755	#FFFFFF	468
3756	#FFFFFF	468
3757	#FFFFFF	468
3758	#FFFFFF	468
3759	#FFFFFF	468
3760	#FFFFFF	468
3761	#FFFFFF	468
3762	#FFFFFF	869
3763	#FFFFFF	468
3764	#FFFFFF	468
3765	#FFFFFF	468
3766	#FFFFFF	468
3767	#FFFFFF	468
3768	#FFFFFF	468
3769	#FFFFFF	44
3770	#FFFFFF	44
3771	#FFFFFF	44
3772	#FFFFFF	44
3773	#FFFFFF	869
3774	#FFFFFF	44
3775	#FFFFFF	238
3776	#FFFFFF	44
3777	#FFFFFF	44
3778	#FFFFFF	238
3779	#FFFFFF	238
3780	#FFFFFF	238
3781	#FFFFFF	238
3782	#FFFFFF	44
3783	#FFFFFF	869
3784	#FFFFFF	869
3785	#FFFFFF	44
3786	#FFFFFF	44
3787	#FFFFFF	44
3789	#FFFFFF	44
3790	#FFFFFF	44
3791	#FFFFFF	44
3792	#FFFFFF	44
3793	#FFFFFF	468
3794	#FFFFFF	468
3795	#FFFFFF	468
3796	#FFFFFF	468
3797	#FFFFFF	468
3798	#FFFFFF	44
3799	#FFFFFF	44
3800	#FFFFFF	44
3801	#FFFFFF	44
3802	#FFFFFF	44
3803	#FFFFFF	468
3804	#FFFFFF	468
3805	#FFFFFF	468
3806	#FFFFFF	468
3807	#FFFFFF	468
3808	#FFFFFF	468
3809	#FFFFFF	468
3810	#FFFFFF	468
3811	#FFFFFF	468
3812	#FFFFFF	869
3813	#FFFFFF	468
3814	#FFFFFF	468
3815	#FFFFFF	468
3816	#FFFFFF	468
3817	#FFFFFF	468
3818	#FFFFFF	468
3819	#FFFFFF	44
3820	#FFFFFF	44
3821	#FFFFFF	44
3822	#FFFFFF	44
3823	#FFFFFF	44
3824	#FFFFFF	44
3825	#FFFFFF	44
3826	#FFFFFF	44
3827	#FFFFFF	44
3828	#FFFFFF	238
3829	#FFFFFF	238
3830	#FFFFFF	238
3831	#FFFFFF	238
3832	#FFFFFF	44
3834	#FFFFFF	869
3835	#FFFFFF	869
3836	#FFFFFF	44
3837	#FFFFFF	44
3838	#FFFFFF	44
3839	#FFFFFF	44
3840	#FFFFFF	44
3841	#FFFFFF	44
3842	#FFFFFF	44
3843	#FFFFFF	468
3844	#FFFFFF	468
3845	#FFFFFF	468
3846	#FFFFFF	468
3847	#FFFFFF	44
3848	#FFFFFF	44
3849	#FFFFFF	44
3850	#FFFFFF	44
3851	#FFFFFF	468
3852	#FFFFFF	44
3853	#FFFFFF	468
3854	#FFFFFF	468
3855	#FFFFFF	468
3856	#FFFFFF	468
3857	#FFFFFF	468
3858	#FFFFFF	468
3859	#FFFFFF	468
3860	#FFFFFF	468
3861	#FFFFFF	468
3862	#FFFFFF	468
3863	#FFFFFF	44
3864	#FFFFFF	468
3865	#FFFFFF	468
3866	#FFFFFF	468
3867	#FFFFFF	468
3868	#FFFFFF	468
3869	#FFFFFF	468
3870	#FFFFFF	44
3871	#FFFFFF	44
3872	#FFFFFF	44
3873	#FFFFFF	44
3874	#FFFFFF	869
3875	#FFFFFF	44
3876	#FFFFFF	44
3877	#FFFFFF	44
3878	#FFFFFF	238
3879	#FFFFFF	238
3880	#FFFFFF	238
3881	#FFFFFF	44
3882	#FFFFFF	44
3883	#FFFFFF	44
3884	#FFFFFF	869
3885	#FFFFFF	44
3886	#FFFFFF	44
3887	#FFFFFF	44
3888	#FFFFFF	44
3890	#FFFFFF	44
3891	#FFFFFF	44
3892	#FFFFFF	44
3893	#FFFFFF	468
3894	#FFFFFF	44
3895	#FFFFFF	468
3896	#FFFFFF	44
3897	#FFFFFF	468
3898	#FFFFFF	44
3899	#FFFFFF	44
3900	#FFFFFF	44
3901	#FFFFFF	44
3902	#FFFFFF	44
3903	#FFFFFF	468
3904	#FFFFFF	468
3905	#FFFFFF	468
3906	#FFFFFF	468
3907	#FFFFFF	468
3908	#FFFFFF	468
3909	#FFFFFF	468
3910	#FFFFFF	468
3911	#FFFFFF	468
3912	#FFFFFF	468
3913	#FFFFFF	44
3914	#FFFFFF	468
3915	#FFFFFF	468
3916	#FFFFFF	468
3917	#FFFFFF	468
3918	#FFFFFF	468
3919	#FFFFFF	468
3920	#FFFFFF	468
3921	#FFFFFF	44
3922	#FFFFFF	44
3923	#FFFFFF	44
3924	#FFFFFF	869
3925	#FFFFFF	44
3926	#FFFFFF	44
3927	#FFFFFF	44
3928	#FFFFFF	44
3929	#FFFFFF	44
3930	#FFFFFF	238
3931	#FFFFFF	44
3932	#FFFFFF	44
3933	#FFFFFF	44
3935	#FFFFFF	44
3936	#FFFFFF	44
3937	#FFFFFF	44
3938	#FFFFFF	44
3939	#FFFFFF	44
3940	#FFFFFF	44
3941	#FFFFFF	44
3942	#FFFFFF	44
3943	#FFFFFF	44
3944	#FFFFFF	44
3945	#FFFFFF	44
3946	#FFFFFF	44
3947	#FFFFFF	468
3948	#FFFFFF	468
3949	#FFFFFF	468
3950	#FFFFFF	44
3951	#FFFFFF	44
3952	#FFFFFF	468
3953	#FFFFFF	44
3954	#FFFFFF	468
3955	#FFFFFF	468
3956	#FFFFFF	468
3957	#FFFFFF	468
3958	#FFFFFF	468
3959	#FFFFFF	468
3960	#FFFFFF	468
3961	#FFFFFF	468
3962	#FFFFFF	468
3963	#FFFFFF	468
3964	#FFFFFF	869
3965	#FFFFFF	468
3966	#FFFFFF	468
3967	#FFFFFF	44
3968	#FFFFFF	468
3969	#FFFFFF	468
3970	#FFFFFF	44
3971	#FFFFFF	44
3972	#FFFFFF	44
3973	#FFFFFF	44
3974	#FFFFFF	44
3975	#FFFFFF	869
3976	#FFFFFF	44
3977	#FFFFFF	44
3978	#FFFFFF	44
3979	#FFFFFF	44
3980	#FFFFFF	44
3981	#FFFFFF	44
3982	#FFFFFF	468
3983	#FFFFFF	44
3984	#FFFFFF	44
3985	#FFFFFF	44
3986	#FFFFFF	44
3987	#FFFFFF	44
3988	#FFFFFF	44
3989	#FFFFFF	44
3991	#FFFFFF	44
3992	#FFFFFF	44
3993	#FFFFFF	44
3994	#FFFFFF	44
3995	#FFFFFF	44
3996	#FFFFFF	44
3997	#FFFFFF	44
3998	#FFFFFF	468
3999	#FFFFFF	468
4000	#FFFFFF	468
4001	#FFFFFF	468
4002	#FFFFFF	468
4003	#FFFFFF	44
4004	#FFFFFF	468
4005	#FFFFFF	468
4006	#FFFFFF	468
4007	#FFFFFF	468
4008	#FFFFFF	468
4009	#FFFFFF	468
4010	#FFFFFF	468
4011	#FFFFFF	468
4012	#FFFFFF	468
4013	#FFFFFF	468
4014	#FFFFFF	869
4015	#FFFFFF	468
4016	#FFFFFF	468
4017	#FFFFFF	468
4018	#FFFFFF	44
4019	#FFFFFF	468
4020	#FFFFFF	468
4021	#FFFFFF	44
4022	#FFFFFF	44
4023	#FFFFFF	44
4024	#FFFFFF	44
4025	#FFFFFF	869
4026	#FFFFFF	44
4027	#FFFFFF	44
4028	#FFFFFF	44
4029	#FFFFFF	44
4030	#FFFFFF	44
4031	#FFFFFF	44
4032	#FFFFFF	44
4033	#FFFFFF	468
4034	#FFFFFF	44
4036	#FFFFFF	44
4037	#FFFFFF	44
4038	#FFFFFF	44
4039	#FFFFFF	44
4040	#FFFFFF	44
4042	#FFFFFF	1668
4043	#FFFFFF	1668
4044	#FFFFFF	44
4045	#FFFFFF	44
4046	#FFFFFF	71
4047	#FFFFFF	71
4048	#FFFFFF	71
4049	#FFFFFF	71
4050	#FFFFFF	71
4051	#FFFFFF	71
4052	#FFFFFF	71
4053	#FFFFFF	71
4054	#FFFFFF	1668
4055	#FFFFFF	1890
4056	#FFFFFF	71
4057	#FFFFFF	71
4058	#FFFFFF	71
4059	#FFFFFF	71
4060	#FFFFFF	71
4061	#FFFFFF	71
4062	#FFFFFF	19
4065	#FFFFFF	1668
4067	#FFFFFF	19
4068	#FFFFFF	19
4069	#FFFFFF	19
4070	#FFFFFF	19
4071	#FFFFFF	19
4072	#FFFFFF	19
4073	#FFFFFF	19
4074	#FFFFFF	19
4075	#FFFFFF	19
4076	#FFFFFF	1668
4077	#FFFFFF	1880
4078	#FFFFFF	19
4079	#FFFFFF	19
4080	#FFFFFF	1880
4081	#FFFFFF	1880
4082	#FFFFFF	1880
4083	#FFFFFF	1880
4084	#FFFFFF	19
4085	#FFFFFF	824
4087	#FFFFFF	182
4088	#FFFFFF	1668
4089	#FFFFFF	1668
4090	#FFFFFF	1668
4091	#FFFFFF	182
4092	#FFFFFF	1668
4093	#FFFFFF	1668
4094	#FFFFFF	182
4095	#FFFFFF	44
4096	#FFFFFF	71
4097	#FFFFFF	71
4098	#FFFFFF	71
4099	#FFFFFF	71
4100	#FFFFFF	71
4101	#FFFFFF	71
4102	#FFFFFF	71
4103	#FFFFFF	71
4104	#FFFFFF	71
4105	#FFFFFF	1668
4106	#FFFFFF	71
4107	#FFFFFF	71
4108	#FFFFFF	71
4109	#FFFFFF	71
4110	#FFFFFF	71
4111	#FFFFFF	71
4112	#FFFFFF	19
4116	#FFFFFF	1668
4117	#FFFFFF	71
4118	#FFFFFF	19
4119	#FFFFFF	19
4120	#FFFFFF	19
4121	#FFFFFF	19
4122	#FFFFFF	19
4123	#FFFFFF	19
4124	#FFFFFF	19
4125	#FFFFFF	1880
4126	#FFFFFF	1880
4127	#FFFFFF	1668
4128	#FFFFFF	19
4129	#FFFFFF	19
4130	#FFFFFF	1880
4131	#FFFFFF	1880
4132	#FFFFFF	1880
4133	#FFFFFF	1880
4134	#FFFFFF	19
4135	#FFFFFF	824
4136	#FFFFFF	824
4137	#FFFFFF	1668
4138	#FFFFFF	1668
4139	#FFFFFF	1668
4140	#FFFFFF	182
4141	#FFFFFF	182
4143	#FFFFFF	1668
4144	#FFFFFF	1668
4145	#FFFFFF	44
4146	#FFFFFF	71
4147	#FFFFFF	71
4148	#FFFFFF	71
4149	#FFFFFF	71
4150	#FFFFFF	71
4151	#FFFFFF	71
4152	#FFFFFF	71
4153	#FFFFFF	71
4154	#FFFFFF	71
4155	#FFFFFF	182
4156	#FFFFFF	71
4157	#FFFFFF	71
4158	#FFFFFF	71
4159	#FFFFFF	71
4160	#FFFFFF	71
4161	#FFFFFF	71
4162	#FFFFFF	19
4166	#FFFFFF	1668
4167	#FFFFFF	71
4168	#FFFFFF	19
4169	#FFFFFF	19
4170	#FFFFFF	19
4171	#FFFFFF	19
4172	#FFFFFF	19
4173	#FFFFFF	19
4174	#FFFFFF	19
4175	#FFFFFF	1880
4176	#FFFFFF	1880
4177	#FFFFFF	1668
4178	#FFFFFF	1880
4179	#FFFFFF	1880
4180	#FFFFFF	1880
4181	#FFFFFF	1880
4182	#FFFFFF	1880
4183	#FFFFFF	1880
4184	#FFFFFF	1880
4185	#FFFFFF	824
4186	#FFFFFF	824
4188	#FFFFFF	1668
4189	#FFFFFF	1668
4190	#FFFFFF	182
4191	#FFFFFF	182
4192	#FFFFFF	182
4193	#FFFFFF	1668
4194	#FFFFFF	1668
4195	#FFFFFF	182
4196	#FFFFFF	44
4197	#FFFFFF	71
4198	#FFFFFF	71
4199	#FFFFFF	71
4200	#FFFFFF	71
4201	#FFFFFF	71
4202	#FFFFFF	71
4203	#FFFFFF	71
4204	#FFFFFF	71
4205	#FFFFFF	71
4206	#FFFFFF	1668
4207	#FFFFFF	71
4208	#FFFFFF	71
4209	#FFFFFF	71
4210	#FFFFFF	71
4211	#FFFFFF	71
4212	#FFFFFF	71
4216	#FFFFFF	71
4217	#FFFFFF	1668
4218	#FFFFFF	71
4219	#FFFFFF	19
4220	#FFFFFF	19
4221	#FFFFFF	19
4222	#FFFFFF	44
4223	#FFFFFF	19
4224	#FFFFFF	19
4225	#FFFFFF	19
4226	#FFFFFF	1880
4227	#FFFFFF	1880
4228	#FFFFFF	1668
4229	#FFFFFF	1880
4230	#FFFFFF	1880
4231	#FFFFFF	1880
4232	#FFFFFF	1880
4233	#FFFFFF	1880
4234	#FFFFFF	19
4235	#FFFFFF	19
4236	#FFFFFF	19
4237	#FFFFFF	824
4238	#FFFFFF	182
4239	#FFFFFF	182
4240	#FFFFFF	182
4241	#FFFFFF	44
4242	#FFFFFF	182
4244	#FFFFFF	1668
4245	#FFFFFF	1668
4246	#FFFFFF	182
4247	#FFFFFF	44
4248	#FFFFFF	71
4249	#FFFFFF	71
4250	#FFFFFF	71
4251	#FFFFFF	71
4252	#FFFFFF	71
4253	#FFFFFF	71
4254	#FFFFFF	71
4255	#FFFFFF	71
4256	#FFFFFF	182
4257	#FFFFFF	71
4258	#FFFFFF	71
4259	#FFFFFF	71
4260	#FFFFFF	71
4261	#FFFFFF	71
4262	#FFFFFF	71
4266	#FFFFFF	19
4267	#FFFFFF	1668
4268	#FFFFFF	19
4269	#FFFFFF	71
4270	#FFFFFF	19
4271	#FFFFFF	19
4272	#FFFFFF	19
4273	#FFFFFF	44
4274	#FFFFFF	19
4275	#FFFFFF	19
4276	#FFFFFF	19
4277	#FFFFFF	1880
4278	#FFFFFF	1668
4279	#FFFFFF	1880
4280	#FFFFFF	1880
4281	#FFFFFF	1880
4282	#FFFFFF	1880
4283	#FFFFFF	1880
4284	#FFFFFF	19
4285	#FFFFFF	19
4286	#FFFFFF	19
4287	#FFFFFF	19
4289	#FFFFFF	1668
4290	#FFFFFF	182
4291	#FFFFFF	182
4292	#FFFFFF	44
4293	#FFFFFF	44
4294	#FFFFFF	1668
4295	#FFFFFF	1668
4296	#FFFFFF	1668
4297	#FFFFFF	44
4298	#FFFFFF	44
4299	#FFFFFF	44
4300	#FFFFFF	71
4301	#FFFFFF	71
4302	#FFFFFF	71
4303	#FFFFFF	71
4304	#FFFFFF	71
4305	#FFFFFF	71
4306	#FFFFFF	71
4307	#FFFFFF	182
4308	#FFFFFF	71
4309	#FFFFFF	71
4310	#FFFFFF	71
4311	#FFFFFF	71
4312	#FFFFFF	71
4316	#FFFFFF	19
4317	#FFFFFF	19
4318	#FFFFFF	182
4319	#FFFFFF	71
4320	#FFFFFF	19
4321	#FFFFFF	19
4322	#FFFFFF	19
4323	#FFFFFF	19
4324	#FFFFFF	44
4325	#FFFFFF	19
4326	#FFFFFF	19
4327	#FFFFFF	1880
4328	#FFFFFF	1880
4329	#FFFFFF	1668
4330	#FFFFFF	1880
4331	#FFFFFF	1880
4332	#FFFFFF	1880
4333	#FFFFFF	1880
4334	#FFFFFF	19
4335	#FFFFFF	19
4336	#FFFFFF	19
4337	#FFFFFF	19
4338	#FFFFFF	19
4339	#FFFFFF	1668
4340	#FFFFFF	182
4341	#FFFFFF	182
4342	#FFFFFF	44
4343	#FFFFFF	44
4345	#FFFFFF	1668
4346	#FFFFFF	1668
4347	#FFFFFF	44
4348	#FFFFFF	44
4349	#FFFFFF	44
4350	#FFFFFF	71
4351	#FFFFFF	71
4352	#FFFFFF	71
4353	#FFFFFF	71
4354	#FFFFFF	71
4355	#FFFFFF	71
4356	#FFFFFF	71
4357	#FFFFFF	182
4358	#FFFFFF	71
4359	#FFFFFF	71
4360	#FFFFFF	71
4361	#FFFFFF	71
4362	#FFFFFF	71
4366	#FFFFFF	19
4367	#FFFFFF	19
4368	#FFFFFF	182
4369	#FFFFFF	19
4370	#FFFFFF	19
4371	#FFFFFF	19
4372	#FFFFFF	44
4373	#FFFFFF	19
4374	#FFFFFF	44
4375	#FFFFFF	19
4376	#FFFFFF	19
4377	#FFFFFF	19
4378	#FFFFFF	1880
4379	#FFFFFF	1668
4380	#FFFFFF	1880
4381	#FFFFFF	1880
4382	#FFFFFF	1880
4383	#FFFFFF	1880
4384	#FFFFFF	1880
4385	#FFFFFF	19
4386	#FFFFFF	19
4387	#FFFFFF	19
4388	#FFFFFF	19
4390	#FFFFFF	1668
4391	#FFFFFF	182
4392	#FFFFFF	182
4393	#FFFFFF	182
4394	#FFFFFF	44
4395	#FFFFFF	1668
4396	#FFFFFF	1668
4397	#FFFFFF	1668
4398	#FFFFFF	44
4399	#FFFFFF	44
4400	#FFFFFF	44
4401	#FFFFFF	71
4402	#FFFFFF	71
4403	#FFFFFF	71
4404	#FFFFFF	71
4405	#FFFFFF	71
4406	#FFFFFF	71
4407	#FFFFFF	71
4408	#FFFFFF	182
4409	#FFFFFF	71
4410	#FFFFFF	71
4411	#FFFFFF	71
4412	#FFFFFF	71
4416	#FFFFFF	19
4417	#FFFFFF	19
4418	#FFFFFF	19
4419	#FFFFFF	1668
4420	#FFFFFF	19
4421	#FFFFFF	19
4422	#FFFFFF	19
4423	#FFFFFF	44
4424	#FFFFFF	44
4425	#FFFFFF	44
4426	#FFFFFF	19
4427	#FFFFFF	19
4428	#FFFFFF	19
4429	#FFFFFF	1880
4430	#FFFFFF	1668
4431	#FFFFFF	1880
4432	#FFFFFF	1880
4433	#FFFFFF	1880
4434	#FFFFFF	1880
4435	#FFFFFF	19
4436	#FFFFFF	1880
4437	#FFFFFF	19
4438	#FFFFFF	19
4439	#FFFFFF	19
4440	#FFFFFF	1668
4441	#FFFFFF	182
4442	#FFFFFF	182
4443	#FFFFFF	44
4444	#FFFFFF	44
4446	#FFFFFF	1668
4447	#FFFFFF	182
4448	#FFFFFF	44
4449	#FFFFFF	44
4450	#FFFFFF	44
4451	#FFFFFF	71
4452	#FFFFFF	71
4453	#FFFFFF	71
4454	#FFFFFF	71
4455	#FFFFFF	71
4456	#FFFFFF	71
4457	#FFFFFF	71
4458	#FFFFFF	182
4459	#FFFFFF	71
4460	#FFFFFF	71
4461	#FFFFFF	71
4466	#FFFFFF	19
4467	#FFFFFF	19
4468	#FFFFFF	19
4469	#FFFFFF	1668
4470	#FFFFFF	19
4471	#FFFFFF	19
4472	#FFFFFF	19
4473	#FFFFFF	19
4474	#FFFFFF	44
4475	#FFFFFF	44
4476	#FFFFFF	19
4477	#FFFFFF	19
4478	#FFFFFF	19
4479	#FFFFFF	19
4480	#FFFFFF	1668
4481	#FFFFFF	1880
4482	#FFFFFF	1880
4483	#FFFFFF	1880
4484	#FFFFFF	1880
4485	#FFFFFF	19
4486	#FFFFFF	1880
4487	#FFFFFF	19
4488	#FFFFFF	19
4489	#FFFFFF	19
4491	#FFFFFF	1668
4492	#FFFFFF	1668
4493	#FFFFFF	182
4494	#FFFFFF	182
4495	#FFFFFF	182
4496	#FFFFFF	1668
4497	#FFFFFF	1668
4498	#FFFFFF	182
4499	#FFFFFF	44
4500	#FFFFFF	44
4501	#FFFFFF	44
4502	#FFFFFF	71
4503	#FFFFFF	71
4504	#FFFFFF	71
4505	#FFFFFF	71
4506	#FFFFFF	71
4507	#FFFFFF	71
4508	#FFFFFF	71
4509	#FFFFFF	1668
4510	#FFFFFF	71
4511	#FFFFFF	71
4512	#FFFFFF	71
4516	#FFFFFF	71
4517	#FFFFFF	19
4518	#FFFFFF	19
4519	#FFFFFF	19
4520	#FFFFFF	1668
4521	#FFFFFF	19
4522	#FFFFFF	19
4523	#FFFFFF	19
4524	#FFFFFF	44
4525	#FFFFFF	44
4526	#FFFFFF	19
4527	#FFFFFF	19
4528	#FFFFFF	19
4529	#FFFFFF	19
4530	#FFFFFF	19
4531	#FFFFFF	1668
4532	#FFFFFF	1880
4533	#FFFFFF	1880
4534	#FFFFFF	1880
4535	#FFFFFF	1880
4536	#FFFFFF	1880
4537	#FFFFFF	19
4538	#FFFFFF	19
4539	#FFFFFF	19
4540	#FFFFFF	19
4541	#FFFFFF	1668
4542	#FFFFFF	1668
4543	#FFFFFF	182
4544	#FFFFFF	182
4545	#FFFFFF	44
4547	#FFFFFF	1668
4548	#FFFFFF	182
4549	#FFFFFF	71
4550	#FFFFFF	182
4551	#FFFFFF	182
4552	#FFFFFF	71
4553	#FFFFFF	182
4554	#FFFFFF	71
4555	#FFFFFF	71
4556	#FFFFFF	71
4557	#FFFFFF	71
4558	#FFFFFF	1543
4559	#FFFFFF	182
4560	#FFFFFF	1543
4561	#FFFFFF	1890
4562	#FFFFFF	71
4563	#FFFFFF	71
4564	#FFFFFF	71
4565	#FFFFFF	71
4566	#FFFFFF	71
4567	#FFFFFF	19
4568	#FFFFFF	19
4569	#FFFFFF	19
4570	#FFFFFF	182
4571	#FFFFFF	19
4572	#FFFFFF	19
4573	#FFFFFF	19
4577	#FFFFFF	71
4578	#FFFFFF	71
4579	#FFFFFF	71
4580	#FFFFFF	71
4581	#FFFFFF	182
4582	#FFFFFF	19
4583	#FFFFFF	19
4584	#FFFFFF	19
4585	#FFFFFF	19
4586	#FFFFFF	19
4587	#FFFFFF	19
4588	#FFFFFF	237
4589	#FFFFFF	19
4590	#FFFFFF	19
4592	#FFFFFF	182
4593	#FFFFFF	71
4594	#FFFFFF	71
4595	#FFFFFF	182
4596	#FFFFFF	71
4597	#FFFFFF	1668
4598	#FFFFFF	1668
4599	#FFFFFF	182
4600	#FFFFFF	71
4601	#FFFFFF	182
4602	#FFFFFF	182
4603	#FFFFFF	182
4604	#FFFFFF	182
4605	#FFFFFF	71
4606	#FFFFFF	71
4607	#FFFFFF	1543
4608	#FFFFFF	71
4609	#FFFFFF	1543
4610	#FFFFFF	182
4611	#FFFFFF	1890
4612	#FFFFFF	71
4613	#FFFFFF	71
4614	#FFFFFF	71
4615	#FFFFFF	71
4616	#FFFFFF	71
4617	#FFFFFF	19
4618	#FFFFFF	19
4619	#FFFFFF	19
4620	#FFFFFF	19
4621	#FFFFFF	182
4622	#FFFFFF	19
4623	#FFFFFF	19
4624	#FFFFFF	19
4628	#FFFFFF	71
4629	#FFFFFF	19
4630	#FFFFFF	71
4631	#FFFFFF	19
4632	#FFFFFF	182
4633	#FFFFFF	19
4634	#FFFFFF	19
4635	#FFFFFF	19
4636	#FFFFFF	19
4637	#FFFFFF	237
4638	#FFFFFF	237
4639	#FFFFFF	237
4640	#FFFFFF	19
4641	#FFFFFF	19
4642	#FFFFFF	182
4643	#FFFFFF	182
4645	#FFFFFF	71
4646	#FFFFFF	71
4648	#FFFFFF	182
4649	#FFFFFF	182
4650	#FFFFFF	71
4651	#FFFFFF	182
4652	#FFFFFF	182
4653	#FFFFFF	182
4654	#FFFFFF	182
4655	#FFFFFF	71
4656	#FFFFFF	71
4657	#FFFFFF	1543
4659	#FFFFFF	1543
4660	#FFFFFF	182
4661	#FFFFFF	1543
4662	#FFFFFF	1890
4663	#FFFFFF	71
4664	#FFFFFF	71
4665	#FFFFFF	71
4666	#FFFFFF	71
4667	#FFFFFF	19
4668	#FFFFFF	19
4669	#FFFFFF	19
4670	#FFFFFF	19
4671	#FFFFFF	182
4672	#FFFFFF	19
4673	#FFFFFF	19
4674	#FFFFFF	19
4679	#FFFFFF	19
4680	#FFFFFF	19
4681	#FFFFFF	19
4682	#FFFFFF	182
4683	#FFFFFF	19
4684	#FFFFFF	19
4685	#FFFFFF	19
4686	#FFFFFF	19
4687	#FFFFFF	19
4688	#FFFFFF	237
4689	#FFFFFF	237
4690	#FFFFFF	237
4691	#FFFFFF	19
4693	#FFFFFF	182
4694	#FFFFFF	182
4695	#FFFFFF	182
4696	#FFFFFF	71
4697	#FFFFFF	182
4698	#FFFFFF	1668
4699	#FFFFFF	182
4700	#FFFFFF	182
4701	#FFFFFF	182
4702	#FFFFFF	182
4703	#FFFFFF	182
4704	#FFFFFF	182
4705	#FFFFFF	71
4706	#FFFFFF	71
4707	#FFFFFF	71
4710	#FFFFFF	1543
4711	#FFFFFF	182
4712	#FFFFFF	1890
4713	#FFFFFF	71
4714	#FFFFFF	71
4715	#FFFFFF	71
4716	#FFFFFF	71
4717	#FFFFFF	19
4718	#FFFFFF	19
4719	#FFFFFF	19
4720	#FFFFFF	19
4721	#FFFFFF	19
4722	#FFFFFF	182
4723	#FFFFFF	19
4724	#FFFFFF	19
4725	#FFFFFF	19
4726	#FFFFFF	19
4730	#FFFFFF	19
4731	#FFFFFF	19
4732	#FFFFFF	19
4733	#FFFFFF	182
4734	#FFFFFF	19
4735	#FFFFFF	19
4736	#FFFFFF	19
4737	#FFFFFF	19
4738	#FFFFFF	237
4739	#FFFFFF	237
4740	#FFFFFF	237
4741	#FFFFFF	19
4742	#FFFFFF	19
4743	#FFFFFF	182
4744	#FFFFFF	182
4745	#FFFFFF	182
4746	#FFFFFF	182
4747	#FFFFFF	71
4749	#FFFFFF	1668
4750	#FFFFFF	182
4751	#FFFFFF	71
4752	#FFFFFF	71
4753	#FFFFFF	71
4754	#FFFFFF	182
4755	#FFFFFF	182
4756	#FFFFFF	71
4757	#FFFFFF	71
4758	#FFFFFF	71
4759	#FFFFFF	71
4760	#FFFFFF	1543
4761	#FFFFFF	182
4762	#FFFFFF	1543
4763	#FFFFFF	71
4764	#FFFFFF	71
4765	#FFFFFF	71
4766	#FFFFFF	71
4767	#FFFFFF	71
4768	#FFFFFF	19
4769	#FFFFFF	19
4770	#FFFFFF	19
4771	#FFFFFF	19
4772	#FFFFFF	182
4773	#FFFFFF	19
4774	#FFFFFF	19
4775	#FFFFFF	19
4776	#FFFFFF	19
4777	#FFFFFF	71
4781	#FFFFFF	19
4782	#FFFFFF	19
4783	#FFFFFF	182
4784	#FFFFFF	19
4785	#FFFFFF	19
4786	#FFFFFF	19
4787	#FFFFFF	19
4788	#FFFFFF	237
4789	#FFFFFF	237
4790	#FFFFFF	237
4791	#FFFFFF	237
4792	#FFFFFF	237
4794	#FFFFFF	182
4795	#FFFFFF	182
4796	#FFFFFF	182
4797	#FFFFFF	182
4798	#FFFFFF	71
4799	#FFFFFF	182
4800	#FFFFFF	1668
4801	#FFFFFF	182
4802	#FFFFFF	71
4803	#FFFFFF	71
4804	#FFFFFF	71
4805	#FFFFFF	182
4806	#FFFFFF	71
4807	#FFFFFF	71
4809	#FFFFFF	71
4810	#FFFFFF	71
4811	#FFFFFF	71
4812	#FFFFFF	182
4813	#FFFFFF	1543
4814	#FFFFFF	71
4815	#FFFFFF	71
4816	#FFFFFF	19
4817	#FFFFFF	71
4818	#FFFFFF	71
4819	#FFFFFF	19
4820	#FFFFFF	19
4821	#FFFFFF	19
4822	#FFFFFF	19
4823	#FFFFFF	182
4824	#FFFFFF	19
4825	#FFFFFF	19
4826	#FFFFFF	71
4827	#FFFFFF	19
4828	#FFFFFF	71
4832	#FFFFFF	19
4833	#FFFFFF	19
4834	#FFFFFF	182
4835	#FFFFFF	19
4836	#FFFFFF	19
4837	#FFFFFF	19
4838	#FFFFFF	19
4839	#FFFFFF	237
4840	#FFFFFF	237
4841	#FFFFFF	237
4842	#FFFFFF	237
4843	#FFFFFF	237
4844	#FFFFFF	71
4845	#FFFFFF	182
4846	#FFFFFF	182
4847	#FFFFFF	71
4848	#FFFFFF	71
4850	#FFFFFF	1668
4851	#FFFFFF	182
4852	#FFFFFF	71
4853	#FFFFFF	71
4854	#FFFFFF	71
4855	#FFFFFF	71
4856	#FFFFFF	71
4857	#FFFFFF	71
4858	#FFFFFF	71
4860	#FFFFFF	71
4861	#FFFFFF	71
4862	#FFFFFF	182
4863	#FFFFFF	71
4864	#FFFFFF	71
4865	#FFFFFF	71
4867	#FFFFFF	19
4868	#FFFFFF	19
4869	#FFFFFF	19
4870	#FFFFFF	19
4871	#FFFFFF	19
4872	#FFFFFF	19
4873	#FFFFFF	182
4874	#FFFFFF	71
4875	#FFFFFF	19
4876	#FFFFFF	71
4877	#FFFFFF	71
4878	#FFFFFF	71
4883	#FFFFFF	19
4884	#FFFFFF	182
4885	#FFFFFF	19
4886	#FFFFFF	19
4887	#FFFFFF	19
4888	#FFFFFF	19
4889	#FFFFFF	237
4890	#FFFFFF	237
4891	#FFFFFF	237
4892	#FFFFFF	237
4893	#FFFFFF	237
4895	#FFFFFF	71
4896	#FFFFFF	71
4897	#FFFFFF	71
4898	#FFFFFF	182
4899	#FFFFFF	71
4900	#FFFFFF	182
4901	#FFFFFF	182
4902	#FFFFFF	182
4903	#FFFFFF	71
4904	#FFFFFF	71
4905	#FFFFFF	71
4906	#FFFFFF	71
4907	#FFFFFF	71
4908	#FFFFFF	71
4909	#FFFFFF	71
4910	#FFFFFF	230
4911	#FFFFFF	71
4912	#FFFFFF	71
4913	#FFFFFF	182
4914	#FFFFFF	71
4915	#FFFFFF	71
4916	#FFFFFF	71
4917	#FFFFFF	71
4918	#FFFFFF	19
4919	#FFFFFF	19
4920	#FFFFFF	71
4921	#FFFFFF	19
4922	#FFFFFF	19
4923	#FFFFFF	71
4924	#FFFFFF	182
4925	#FFFFFF	19
4926	#FFFFFF	19
4927	#FFFFFF	71
4928	#FFFFFF	71
4929	#FFFFFF	19
4930	#FFFFFF	19
4934	#FFFFFF	19
4935	#FFFFFF	182
4936	#FFFFFF	19
4937	#FFFFFF	19
4938	#FFFFFF	19
4939	#FFFFFF	19
4940	#FFFFFF	237
4941	#FFFFFF	237
4942	#FFFFFF	237
4943	#FFFFFF	237
4944	#FFFFFF	237
4945	#FFFFFF	71
4946	#FFFFFF	71
4947	#FFFFFF	71
4948	#FFFFFF	182
4949	#FFFFFF	71
4951	#FFFFFF	182
4952	#FFFFFF	182
4953	#FFFFFF	71
4954	#FFFFFF	71
4955	#FFFFFF	71
4956	#FFFFFF	71
4958	#FFFFFF	71
4959	#FFFFFF	71
4960	#FFFFFF	71
4961	#FFFFFF	230
4962	#FFFFFF	71
4963	#FFFFFF	182
4964	#FFFFFF	71
4966	#FFFFFF	71
4967	#FFFFFF	71
4968	#FFFFFF	71
4969	#FFFFFF	19
4970	#FFFFFF	71
4971	#FFFFFF	19
4972	#FFFFFF	19
4973	#FFFFFF	71
4974	#FFFFFF	182
4975	#FFFFFF	71
4976	#FFFFFF	19
4977	#FFFFFF	71
4978	#FFFFFF	71
4979	#FFFFFF	71
4980	#FFFFFF	19
4981	#FFFFFF	19
4985	#FFFFFF	71
4986	#FFFFFF	19
4987	#FFFFFF	19
4988	#FFFFFF	19
4989	#FFFFFF	19
4990	#FFFFFF	237
4991	#FFFFFF	237
4992	#FFFFFF	237
4993	#FFFFFF	237
4994	#FFFFFF	237
4996	#FFFFFF	71
4997	#FFFFFF	71
4998	#FFFFFF	71
4999	#FFFFFF	71
5000	#FFFFFF	71
5001	#FFFFFF	182
5002	#FFFFFF	182
5003	#FFFFFF	182
5004	#FFFFFF	71
5005	#FFFFFF	71
5006	#FFFFFF	71
5007	#FFFFFF	71
5009	#FFFFFF	71
5010	#FFFFFF	71
5011	#FFFFFF	230
5012	#FFFFFF	71
5013	#FFFFFF	230
5014	#FFFFFF	182
5015	#FFFFFF	71
5016	#FFFFFF	71
5017	#FFFFFF	71
5018	#FFFFFF	71
5019	#FFFFFF	71
5020	#FFFFFF	71
5021	#FFFFFF	71
5022	#FFFFFF	71
5023	#FFFFFF	71
5024	#FFFFFF	71
5025	#FFFFFF	182
5026	#FFFFFF	71
5027	#FFFFFF	71
5028	#FFFFFF	71
5029	#FFFFFF	71
5030	#FFFFFF	19
5031	#FFFFFF	19
5032	#FFFFFF	19
5037	#FFFFFF	19
5038	#FFFFFF	19
5039	#FFFFFF	19
5040	#FFFFFF	237
5041	#FFFFFF	237
5042	#FFFFFF	237
5043	#FFFFFF	237
5044	#FFFFFF	237
5045	#FFFFFF	237
5046	#FFFFFF	71
5047	#FFFFFF	71
5048	#FFFFFF	71
5049	#FFFFFF	71
5050	#FFFFFF	71
5052	#FFFFFF	182
5053	#FFFFFF	182
5054	#FFFFFF	71
5055	#FFFFFF	71
5056	#FFFFFF	71
5057	#FFFFFF	71
5058	#FFFFFF	71
5059	#FFFFFF	71
5060	#FFFFFF	71
5061	#FFFFFF	71
5062	#FFFFFF	230
5063	#FFFFFF	230
5064	#FFFFFF	182
5065	#FFFFFF	230
5067	#FFFFFF	71
5068	#FFFFFF	71
5069	#FFFFFF	71
5070	#FFFFFF	71
5071	#FFFFFF	71
5072	#FFFFFF	71
5073	#FFFFFF	71
5074	#FFFFFF	71
5075	#FFFFFF	182
5076	#FFFFFF	71
5077	#FFFFFF	71
5078	#FFFFFF	71
5079	#FFFFFF	71
5080	#FFFFFF	71
5081	#FFFFFF	19
5082	#FFFFFF	19
5086	#FFFFFF	182
5088	#FFFFFF	19
5089	#FFFFFF	237
5090	#FFFFFF	237
5091	#FFFFFF	237
5092	#FFFFFF	237
5093	#FFFFFF	237
5094	#FFFFFF	237
5095	#FFFFFF	237
5097	#FFFFFF	71
5098	#FFFFFF	71
5099	#FFFFFF	71
5100	#FFFFFF	381
5101	#FFFFFF	71
